8.427905427546433202e+03 0.000000000000000000e+00
8.427941440820504795e+03 1.000000000000000000e+00
8.429330952978463756e+03 1.000000000000000000e+00
8.429366966252537168e+03 0.000000000000000000e+00
8.435587258979814578e+03 0.000000000000000000e+00
8.435623272253886171e+03 1.000000000000000000e+00
8.438499332336055886e+03 1.000000000000000000e+00
8.438535345610127479e+03 0.000000000000000000e+00
8.470145996927154556e+03 0.000000000000000000e+00
8.470182010201227968e+03 1.000000000000000000e+00
8.471679562181405345e+03 1.000000000000000000e+00
8.471715575455476937e+03 0.000000000000000000e+00
8.499233718321669585e+03 0.000000000000000000e+00
8.499269731595741177e+03 1.000000000000000000e+00
8.501194441021163584e+03 1.000000000000000000e+00
8.501230454295236996e+03 0.000000000000000000e+00
8.542429639834033878e+03 0.000000000000000000e+00
8.542465653108105471e+03 1.000000000000000000e+00
8.545714850724414646e+03 1.000000000000000000e+00
8.545750863998486238e+03 0.000000000000000000e+00
8.663846392631598064e+03 0.000000000000000000e+00
8.663882405905671476e+03 1.000000000000000000e+00
8.664773734438960673e+03 1.000000000000000000e+00
8.664809747713034085e+03 0.000000000000000000e+00
1.014396894852555670e+04 0.000000000000000000e+00
1.014400496179962829e+04 1.000000000000000000e+00
1.014643285669334182e+04 1.000000000000000000e+00
1.014646886996741341e+04 0.000000000000000000e+00
1.049710010854840220e+04 0.000000000000000000e+00
1.049713612182247562e+04 1.000000000000000000e+00
1.049964604695157504e+04 1.000000000000000000e+00
1.049968206022564846e+04 0.000000000000000000e+00
1.066265713093400882e+04 0.000000000000000000e+00
1.066269314420808223e+04 1.000000000000000000e+00
1.066436375997755022e+04 1.000000000000000000e+00
1.066439977325162181e+04 0.000000000000000000e+00
1.067769867507157142e+04 0.000000000000000000e+00
1.067773468834564301e+04 1.000000000000000000e+00
1.068024161236857071e+04 1.000000000000000000e+00
1.068027762564264231e+04 0.000000000000000000e+00
1.072728295125688601e+04 0.000000000000000000e+00
1.072731896453095760e+04 1.000000000000000000e+00
1.073001195713659217e+04 1.000000000000000000e+00
1.073004797041066558e+04 0.000000000000000000e+00
1.074334587186188946e+04 0.000000000000000000e+00
1.074338188513596288e+04 1.000000000000000000e+00
1.074616391055805252e+04 1.000000000000000000e+00
1.074619992383212411e+04 0.000000000000000000e+00
