##########################
8424.799       0.0000000
8424.835       1.0000000
8426.224       1.0000000
8426.260       0.0000000
##########################
#########################
8432.478       0.0000000
8432.514       1.0000000
8435.389       1.0000000
8435.425       0.0000000
#########################
##########################
8467.024       0.0000000
8467.060       1.0000000
8468.557       1.0000000
8468.593       0.0000000
########################## 
######################### CaII
8496.101       0.0000000
8496.137       1.0000000
8498.061       1.0000000
8498.097       0.0000000
#########################
#########################CaII
8539.281       0.0000000
8539.317       1.0000000
8542.565       1.0000000
8542.601       0.0000000
#########################
#########################Ca II
8660.653       0.0000000
8660.689       1.0000000
8661.580       1.0000000
8661.616       0.0000000
#########################
##########################BAD Region
10140.230       0.0000000
10140.266       1.0000000
10142.693       1.0000000
10142.729       0.0000000
##########################
##########################order17, helps masking out
10493.231       0.0000000
10493.267       1.0000000
10495.776       1.0000000
10495.812       0.0000000
##########################
##########################helps having masked
10658.727       0.0000000
10658.763       1.0000000
10660.433       1.0000000
10660.469       0.0000000
##########################
##########################order18, helps having masked
10673.763       0.0000000
10673.799       1.0000000
10676.305       1.0000000
10676.341       0.0000000
##########################
##########################helps mask out
10723.329       0.0000000
10723.365       1.0000000
10726.057       1.0000000
10726.093       0.0000000
##########################
########################## BAD REGION
10739.386       0.0000000
10739.422       1.0000000
10742.203       1.0000000
10742.239       0.0000000
#########################
