7999.99711125 0.0
8000.02461141 1.0
8001.67462075 1.0
8001.7021209 0.0
8001.94962231 0.0
8001.97712246 1.0
8003.84713305 1.0
8003.8746332 0.0
8005.13964036 0.0
8005.16714052 1.0
8005.96464503 1.0
8005.99214519 0.0
8006.07464565 0.0
8006.10214581 1.0
8007.50465375 1.0
8007.5321539 0.0
8008.52215951 0.0
8008.54965966 1.0
8010.39217009 1.0
8010.41967025 0.0
8012.64718286 0.0
8012.67468301 1.0
8013.44468737 1.0
8013.47218753 0.0
8014.13219126 0.0
8014.15969142 1.0
8017.23970885 1.0
8017.26720901 0.0
8017.54221056 0.0
8017.56971072 1.0
8018.03721336 1.0
8018.06471352 0.0
8018.42221554 0.0
8018.4497157 1.0
8018.99971881 1.0
8019.02721897 0.0
8019.27472037 0.0
8019.30222052 1.0
8020.84222924 1.0
8020.8697294 0.0
8022.13473656 0.0
8022.16223671 1.0
8023.34474341 1.0
8023.37224356 0.0
8023.89474652 0.0
8023.92224667 1.0
8026.75476271 1.0
8026.78226286 0.0
8026.83726317 0.0
8026.86476333 1.0
8027.74476831 1.0
8027.77226847 0.0
8027.79976862 1.0
8028.62477329 1.0
8028.65227345 0.0
8028.73477391 0.0
8028.76227407 1.0
8029.33977734 1.0
8029.3672775 0.0
8029.39477765 1.0
8031.29228839 1.0
8031.31978855 0.0
8031.3472887 0.0
8031.37478886 1.0
8031.97979228 1.0
8032.00729244 0.0
8033.07979851 0.0
8033.10729866 1.0
8033.82230271 1.0
8033.84980287 0.0
8033.98730365 0.0
8034.0148038 1.0
8034.48230645 1.0
8034.5098066 0.0
8035.41731174 0.0
8035.4448119 1.0
8037.03982092 1.0
8037.06732108 0.0
8037.1773217 0.0
8037.20482186 1.0
8037.89232575 1.0
8037.9198259 0.0
8038.19482746 0.0
8038.22232762 1.0
8039.15733291 1.0
8039.18483306 0.0
8039.76233633 0.0
8039.78983649 1.0
8040.39483991 1.0
8040.42234007 0.0
8041.38484552 0.0
8041.41234567 1.0
8042.20985019 1.0
8042.23735034 0.0
8042.95235439 0.0
8042.97985455 1.0
8043.52985766 1.0
8043.55735781 0.0
8043.77735906 0.0
8043.80485921 1.0
8046.99487727 1.0
8047.02237743 0.0
8047.26987883 0.0
8047.29737898 1.0
8048.20488412 1.0
8048.23238428 0.0
8048.3423849 0.0
8048.36988505 1.0
8049.00238863 1.0
8049.02988879 0.0
8050.78989875 0.0
8050.81739891 1.0
8051.53240295 1.0
8051.55990311 0.0
8052.27490716 0.0
8052.30240731 1.0
8052.7424098 1.0
8052.76990996 0.0
8054.28241852 0.0
8054.30991868 1.0
8055.71242661 1.0
8055.73992677 0.0
8056.23492957 0.0
8056.26242973 1.0
8057.38993611 1.0
8057.41743627 0.0
8057.99493953 0.0
8058.02243969 1.0
8058.51744249 1.0
8058.54494265 0.0
8058.62744311 0.0
8058.65494327 1.0
8059.14994607 1.0
8059.17744623 0.0
8060.68995479 0.0
8060.71745494 1.0
8061.29495821 1.0
8061.32245837 0.0
8061.40495884 0.0
8061.43245899 1.0
8062.06496257 1.0
8062.09246273 0.0
8062.17496319 0.0
8062.20246335 1.0
8062.80746677 1.0
8062.83496693 0.0
8064.01747362 0.0
8064.04497378 1.0
8065.88748421 1.0
8065.91498436 0.0
8067.09749106 0.0
8067.12499121 1.0
8068.33499806 1.0
8068.36249822 0.0
8069.62750538 0.0
8069.65500553 1.0
8070.37000958 1.0
8070.39750974 0.0
8070.50751036 0.0
8070.53501051 1.0
8071.03001332 1.0
8071.05751347 0.0
8071.30501487 0.0
8071.33251503 1.0
8071.77251752 1.0
8071.80001767 0.0
8071.82751783 1.0
8073.61502795 1.0
8073.6425281 0.0
8076.64004507 0.0
8076.66754523 1.0
8077.27254865 1.0
8077.30004881 0.0
8077.41004943 0.0
8077.43754958 1.0
8078.15255363 1.0
8078.18005379 0.0
8078.20755394 1.0
8078.81255737 1.0
8078.84005752 0.0
8078.9775583 0.0
8079.00505846 1.0
8079.4725611 1.0
8079.50006126 0.0
8080.40756639 0.0
8080.43506655 1.0
8081.06757013 1.0
8081.09507029 0.0
8081.1500706 0.0
8081.17757075 1.0
8082.11257605 1.0
8082.1400762 0.0
8082.22257667 0.0
8082.25007682 1.0
8082.85508025 1.0
8082.8825804 0.0
8082.93758071 0.0
8082.96508087 1.0
8084.0650871 1.0
8084.09258725 0.0
8084.12008741 1.0
8084.64259037 1.0
8084.67009052 0.0
8084.86259161 0.0
8084.89009177 1.0
8085.46759504 1.0
8085.49509519 0.0
8086.54010111 0.0
8086.56760126 1.0
8088.30011107 1.0
8088.32761122 0.0
8089.42761745 0.0
8089.45511761 1.0
8089.92262025 1.0
8089.95012041 0.0
8090.58262399 0.0
8090.61012414 1.0
8091.18762741 1.0
8091.21512757 0.0
8091.27012788 0.0
8091.29762803 1.0
8091.73763053 1.0
8091.76513068 0.0
8092.28763364 0.0
8092.31513379 1.0
8093.66264142 1.0
8093.69014158 0.0
8093.8001422 0.0
8093.82764236 1.0
8094.51514625 1.0
8094.5426464 0.0
8095.09264952 0.0
8095.12014967 1.0
8095.56015216 1.0
8095.58765232 0.0
8095.69765294 0.0
8095.7251531 1.0
8097.89766539 1.0
8097.92516555 0.0
8097.98016586 0.0
8098.00766601 1.0
8099.24517302 1.0
8099.27267318 0.0
8099.3826738 0.0
8099.41017395 1.0
8100.125178 1.0
8100.15267816 0.0
8100.26267878 0.0
8100.29017893 1.0
8101.94018827 1.0
8101.96768843 0.0
8103.01269434 0.0
8103.0401945 1.0
8104.80020446 1.0
8104.82770462 0.0
8104.99270555 0.0
8105.02020571 1.0
8105.84521038 1.0
8105.87271053 0.0
8106.56021442 0.0
8106.58771458 1.0
8107.44021941 1.0
8107.46771956 0.0
8107.82522158 0.0
8107.85272174 1.0
8108.98022812 1.0
8109.00772828 0.0
8109.03522843 0.0
8109.06272859 1.0
8111.64774322 1.0
8111.67524338 0.0
8111.73024369 0.0
8111.75774384 1.0
8113.51775381 1.0
8113.54525396 0.0
8113.9577563 0.0
8113.98525645 1.0
8115.11276283 1.0
8115.14026299 0.0
8115.1952633 0.0
8115.22276346 1.0
8117.47777622 1.0
8117.50527638 0.0
8117.91777871 0.0
8117.94527887 1.0
8118.46778182 1.0
8118.49528198 0.0
8118.66028291 0.0
8118.68778307 1.0
8119.23778618 1.0
8119.26528634 0.0
8119.29278649 1.0
8119.7877893 1.0
8119.81528945 0.0
8119.95279023 0.0
8119.98029038 1.0
8121.63029972 1.0
8121.65779988 0.0
8121.90530128 0.0
8121.93280144 1.0
8126.19532556 1.0
8126.22282572 0.0
8126.25032587 0.0
8126.27782603 1.0
8126.80032899 1.0
8126.82782914 0.0
8126.8553293 0.0
8126.88282945 1.0
8128.12033646 1.0
8128.14783662 0.0
8128.64283942 0.0
8128.67033957 1.0
8129.71534549 1.0
8129.74284564 0.0
8131.58535607 0.0
8131.61285623 1.0
8139.83540277 1.0
8139.86290292 0.0
8140.57790697 0.0
8140.60540713 1.0
8141.40291164 1.0
8141.4304118 0.0
8141.48541211 0.0
8141.51291226 1.0
8145.25293343 1.0
8145.28043359 0.0
8145.30793375 1.0
8147.17794433 1.0
8147.20544449 0.0
8147.23294464 0.0
8147.2604448 1.0
8147.70044729 1.0
8147.72794744 0.0
8147.7554476 1.0
8152.8429764 1.0
8152.87047655 0.0
8153.22797857 0.0
8153.25547873 1.0
8174.34809812 1.0
8174.37559827 0.0
8174.78810061 0.0
8174.81560076 1.0
8197.17322731 1.0
8197.20072747 0.0
8198.3007337 0.0
8198.32823385 1.0
8204.15826685 1.0
8204.18576701 0.0
8204.35076794 0.0
8204.3782681 1.0
8204.8732709 1.0
8204.90077105 0.0
8205.20327277 0.0
8205.23077292 1.0
8205.69827557 1.0
8205.72577572 0.0
8206.57828055 0.0
8206.6057807 1.0
8207.59578631 1.0
8207.62328646 0.0
8208.75079285 0.0
8208.778293 1.0
8209.30079596 1.0
8209.32829611 0.0
8210.67580374 0.0
8210.7033039 1.0
8211.14330639 1.0
8211.17080654 0.0
8211.22580685 0.0
8211.25330701 1.0
8215.24082958 1.0
8215.26832974 0.0
8215.65333192 0.0
8215.68083207 1.0
8217.74334375 1.0
8217.7708439 0.0
8218.34834717 0.0
8218.37584733 1.0
8218.84334997 1.0
8218.87085013 0.0
8218.89835028 1.0
8222.25336927 1.0
8222.28086943 0.0
8222.55587099 0.0
8222.58337114 1.0
8240.29347138 1.0
8240.32097154 0.0
8240.43097216 0.0
8240.45847232 1.0
8241.3384773 1.0
8241.36597745 0.0
8241.39347761 1.0
8242.98848664 1.0
8243.01598679 0.0
8243.20848788 0.0
8243.23598804 1.0
8243.89599178 1.0
8243.92349193 0.0
8244.14349318 0.0
8244.17099333 1.0
8247.25101077 1.0
8247.27851092 0.0
8248.48851777 0.0
8248.51601793 1.0
8249.56102384 1.0
8249.588524 0.0
8249.86352555 0.0
8249.89102571 1.0
8250.41352867 1.0
8250.44102882 0.0
8250.60602976 0.0
8250.63352991 1.0
8251.34853396 1.0
8251.37603411 0.0
8251.65103567 0.0
8251.67853583 1.0
8252.17353863 1.0
8252.20103878 0.0
8252.39353987 0.0
8252.42104003 1.0
8253.10854392 1.0
8253.13604408 0.0
8253.57604657 0.0
8253.60354672 1.0
8255.83105933 1.0
8255.85855949 0.0
8255.96856011 0.0
8255.99606026 1.0
8256.43606276 1.0
8256.46356291 0.0
8256.51856322 0.0
8256.54606338 1.0
8260.69858688 1.0
8260.72608704 0.0
8260.94608828 0.0
8260.97358844 1.0
8263.58610323 1.0
8263.61360338 0.0
8263.80610447 0.0
8263.83360463 1.0
8264.38360774 1.0
8264.4111079 0.0
8264.43860805 0.0
8264.46610821 1.0
8267.5736258 1.0
8267.60112595 0.0
8267.71112657 0.0
8267.73862673 1.0
8268.20612938 1.0
8268.23362953 0.0
8268.97613373 0.0
8269.00363389 1.0
8269.58113716 1.0
8269.60863731 0.0
8270.46114214 0.0
8270.4886423 1.0
8271.89115023 1.0
8271.91865039 0.0
8272.24865226 0.0
8272.27615241 1.0
8272.77115522 1.0
8272.79865537 0.0
8272.88115584 0.0
8272.90865599 1.0
8286.02623024 1.0
8286.0537304 0.0
8286.46623273 0.0
8286.49373289 1.0
8287.01623585 1.0
8287.043736 0.0
8287.2912374 0.0
8287.31873756 1.0
8287.92374098 1.0
8287.95124114 0.0
8288.17124238 0.0
8288.19874254 1.0
8292.81876869 1.0
8292.84626884 0.0
8292.92876931 0.0
8292.95626947 1.0
8293.83627445 1.0
8293.8637746 0.0
8295.32128285 0.0
8295.34878301 1.0
8299.08880418 1.0
8299.11630433 0.0
8300.05130963 0.0
8300.07880978 1.0
8300.60131274 1.0
8300.6288129 0.0
8300.71131336 0.0
8300.73881352 1.0
8301.53631803 1.0
8301.56381819 0.0
8301.64631866 0.0
8301.67381881 1.0
8304.17633298 1.0
8304.20383313 0.0
8304.23133329 1.0
8310.25386738 1.0
8310.28136753 0.0
8310.52886893 0.0
8310.55636909 1.0
8311.29887329 1.0
8311.32637345 0.0
8311.62887516 0.0
8311.65637531 1.0
8317.04640582 1.0
8317.07390598 0.0
8317.32140738 0.0
8317.34890754 1.0
8321.47393088 1.0
8321.50143104 0.0
8322.29893555 0.0
8322.32643571 1.0
8325.07645127 1.0
8325.10395143 0.0
8327.68896606 0.0
8327.71646622 1.0
8330.02647929 1.0
8330.05397945 0.0
8330.30148085 0.0
8330.32898101 1.0
8333.13399688 1.0
8333.16149704 0.0
8333.21649735 0.0
8333.24399751 1.0
8333.79400062 1.0
8333.82150077 0.0
8333.90400124 0.0
8333.9315014 1.0
8337.17651976 1.0
8337.20401992 0.0
8337.23152008 1.0
8338.79902895 1.0
8338.8265291 0.0
8339.23903144 0.0
8339.26653159 1.0
8339.70653408 1.0
8339.73403424 0.0
8340.31153751 0.0
8340.33903766 1.0
8342.18154809 1.0
8342.20904825 0.0
8343.33655463 0.0
8343.36405479 1.0
8345.09656459 1.0
8345.12406475 0.0
8345.89406911 0.0
8345.92156926 1.0
8347.35157736 1.0
8347.37907751 0.0
8348.01158109 0.0
8348.03908125 1.0
8349.0015867 1.0
8349.02908685 0.0
8349.27658825 0.0
8349.30408841 1.0
8350.37659448 1.0
8350.40409464 0.0
8350.87159728 0.0
8350.89909744 1.0
8352.57660693 1.0
8352.60410709 0.0
8352.82410833 0.0
8352.85160849 1.0
8353.59411269 1.0
8353.62161285 0.0
8354.19911612 0.0
8354.22661627 1.0
8357.41663433 1.0
8357.44413448 0.0
8358.62664118 0.0
8358.65414133 1.0
8360.30415067 1.0
8360.33165083 0.0
8361.43165705 0.0
8361.45915721 1.0
8362.25666172 1.0
8362.28416188 0.0
8363.38416811 0.0
8363.41166826 1.0
8365.72168134 1.0
8365.74918149 0.0
8368.05919457 0.0
8368.08669472 1.0
8370.17670655 1.0
8370.20420671 0.0
8371.00171122 0.0
8371.02921138 1.0
8372.32171869 1.0
8372.34921885 0.0
8372.40421916 0.0
8372.43171932 1.0
8373.75172679 1.0
8373.77922694 0.0
8374.24672959 0.0
8374.27422975 1.0
8375.12673457 1.0
8375.15423473 0.0
8375.18173488 0.0
8375.20923504 1.0
8377.2167464 1.0
8377.24424656 0.0
8377.68424905 0.0
8377.7117492 1.0
8379.80176103 1.0
8379.82926119 0.0
8380.02176228 0.0
8380.04926243 1.0
8380.79176664 1.0
8380.81926679 0.0
8381.06676819 0.0
8381.09426835 1.0
8381.58927115 1.0
8381.61677131 0.0
8383.40428142 0.0
8383.43178158 1.0
8384.06428516 1.0
8384.09178531 0.0
8384.31178656 0.0
8384.33928672 1.0
8385.24679185 1.0
8385.27429201 0.0
8385.82429512 0.0
8385.85179528 1.0
8388.82181209 1.0
8388.84931224 0.0
8388.8768124 0.0
8388.90431255 1.0
8389.56431629 1.0
8389.59181645 0.0
8389.67431691 0.0
8389.70181707 1.0
8390.93932407 1.0
8390.96682423 0.0
8391.13182516 0.0
8391.15932532 1.0
8392.14933092 1.0
8392.17683108 0.0
8395.696851 0.0
8395.72435116 1.0
8397.53936143 1.0
8397.56686159 0.0
8397.84186314 0.0
8397.8693633 1.0
8398.30936579 1.0
8398.33686595 0.0
8398.58436735 0.0
8398.6118675 1.0
8399.05186999 1.0
8399.07937015 0.0
8399.1068703 0.0
8399.13437046 1.0
8400.289377 1.0
8400.31687715 0.0
8401.91188618 0.0
8401.93938634 1.0
8403.31439412 1.0
8403.34189427 0.0
8405.01940377 0.0
8405.04690393 1.0
8405.62440719 1.0
8405.65190735 0.0
8406.11941 0.0
8406.14691015 1.0
8406.80691389 1.0
8406.83441404 0.0
8407.19191607 0.0
8407.21941622 1.0
8408.26442214 1.0
8408.29192229 0.0
8410.16193288 0.0
8410.18943303 1.0
8412.4444458 1.0
8412.47194595 0.0
8413.13194969 0.0
8413.15944984 1.0
8413.73695311 1.0
8413.76445327 0.0
8416.12946666 0.0
8416.15696681 1.0
8416.67946977 1.0
8416.70696992 0.0
8417.20197273 0.0
8417.22947288 1.0
8418.24697864 1.0
8418.2744788 0.0
8419.18198393 0.0
8419.20948409 1.0
8420.22698985 1.0
8420.25449 0.0
8420.30949032 0.0
8420.33699047 1.0
8421.32699607 1.0
8421.35449623 0.0
8427.98203374 0.0
8428.0095339 1.0
8428.44953639 1.0
8428.47703655 0.0
8428.86203872 0.0
8428.88953888 1.0
8429.38454168 1.0
8429.41204184 0.0
8429.76954386 0.0
8429.79704402 1.0
8430.73204931 1.0
8430.75954946 0.0
8431.58455413 0.0
8431.61205429 1.0
8432.57455974 1.0
8432.60205989 0.0
8432.68456036 0.0
8432.71206052 1.0
8433.56456534 1.0
8433.5920655 0.0
8434.47207048 0.0
8434.49957063 1.0
8435.02207359 1.0
8435.04957375 0.0
8436.61708262 0.0
8436.64458278 1.0
8437.22208604 1.0
8437.2495862 0.0
8437.90958994 0.0
8437.93709009 1.0
8439.20209725 1.0
8439.22959741 0.0
8439.53209912 0.0
8439.55959928 1.0
8440.71460581 1.0
8440.74210597 0.0
8442.03461328 0.0
8442.06211344 1.0
8442.52961609 1.0
8442.55711624 0.0
8442.74961733 0.0
8442.77711749 1.0
8443.43712122 1.0
8443.46462138 0.0
8444.37212652 0.0
8444.39962667 1.0
8445.16963103 1.0
8445.19713118 0.0
8446.7371399 0.0
8446.76464006 1.0
8447.45214395 1.0
8447.4796441 0.0
8448.167148 0.0
8448.19464815 1.0
8448.77215142 1.0
8448.79965158 0.0
8452.09967025 0.0
8452.12717041 1.0
8452.64967337 1.0
8452.67717352 0.0
8452.78717415 0.0
8452.8146743 1.0
8453.3096771 1.0
8453.33717726 0.0
8454.07968146 0.0
8454.10718162 1.0
8454.71218504 1.0
8454.7396852 0.0
8459.02970948 0.0
8459.05720964 1.0
8459.6347129 1.0
8459.66221306 0.0
8462.16472723 0.0
8462.19222738 1.0
8462.98973189 1.0
8463.01723205 0.0
8464.41973999 0.0
8464.44724014 1.0
8464.99724326 1.0
8465.02474341 0.0
8465.05224357 1.0
8465.51974622 1.0
8465.54724637 0.0
8465.84974808 0.0
8465.87724824 1.0
8466.31725073 1.0
8466.34475088 0.0
8471.26727875 0.0
8471.2947789 1.0
8471.78978171 1.0
8471.81728186 0.0
8475.66730365 0.0
8475.69480381 1.0
8476.1348063 1.0
8476.16230645 0.0
8476.3823077 0.0
8476.40980786 1.0
8476.98731112 1.0
8477.01481128 0.0
8479.98482809 0.0
8480.01232825 1.0
8480.64483183 1.0
8480.67233198 0.0
8480.91983338 0.0
8480.94733354 1.0
8481.44233634 1.0
8481.4698365 0.0
8481.79983836 0.0
8481.82733852 1.0
8482.76234381 1.0
8482.78984397 0.0
8484.46735346 0.0
8484.49485362 1.0
8485.04485673 1.0
8485.07235689 0.0
8488.83987821 0.0
8488.86737837 1.0
8489.60988257 1.0
8489.63738273 0.0
8490.35238677 0.0
8490.37988693 1.0
8490.92989004 1.0
8490.9573902 0.0
8493.73490592 0.0
8493.76240608 1.0
8494.42240981 1.0
8494.44990997 0.0
8495.79741759 0.0
8495.82491775 1.0
8496.40242102 1.0
8496.42992117 0.0
8498.49243285 0.0
8498.519933 1.0
8499.59243907 1.0
8499.61993923 0.0
8501.90245215 0.0
8501.92995231 1.0
8502.53495573 1.0
8502.56245589 0.0
8504.45996663 0.0
8504.48746678 1.0
8504.92746927 1.0
8504.95496943 0.0
8505.14747052 0.0
8505.17497067 1.0
8505.7799741 1.0
8505.80747425 0.0
8507.81498562 0.0
8507.84248577 1.0
8508.52998966 1.0
8508.55748982 0.0
8511.74750787 0.0
8511.77500803 1.0
8512.32501114 1.0
8512.3525113 0.0
8513.81001955 0.0
8513.8375197 1.0
8515.0200264 1.0
8515.04752655 0.0
8515.2675278 0.0
8515.29502795 1.0
8515.87253122 1.0
8515.90003138 0.0
8518.07254368 0.0
8518.10004383 1.0
8518.65004694 1.0
8518.6775471 0.0
8518.84254803 0.0
8518.87004819 1.0
8519.33755084 1.0
8519.36505099 0.0
8521.56506344 0.0
8521.5925636 1.0
8522.36256796 1.0
8522.39006811 0.0
8524.72758134 0.0
8524.7550815 1.0
8525.71758695 1.0
8525.7450871 0.0
8526.84509333 0.0
8526.87259349 1.0
8527.39509644 1.0
8527.4225966 0.0
8528.35760189 0.0
8528.38510205 1.0
8528.96260532 1.0
8528.99010547 0.0
8531.96012228 0.0
8531.98762244 1.0
8532.53762555 1.0
8532.56512571 0.0
8533.58263147 0.0
8533.61013162 1.0
8534.13263458 1.0
8534.16013474 0.0
8536.77264952 0.0
8536.80014968 1.0
8537.46015341 1.0
8537.48765357 0.0
8538.47765917 0.0
8538.50515933 1.0
8539.30266384 1.0
8539.330164 0.0
8541.88767847 0.0
8541.91517863 1.0
8542.52018205 1.0
8542.54768221 0.0
8542.7401833 0.0
8542.76768346 1.0
8543.53768781 1.0
8543.56518797 0.0
8548.24021443 0.0
8548.26771459 1.0
8548.87271801 1.0
8548.90021817 0.0
8549.25772019 0.0
8549.28522035 1.0
8549.75272299 1.0
8549.78022315 0.0
8552.50273856 0.0
8552.53023871 1.0
8552.99774136 1.0
8553.02524152 0.0
8555.74775693 0.0
8555.77525708 1.0
8556.43526082 1.0
8556.46276097 0.0
8557.01276409 0.0
8557.04026424 1.0
8557.64526767 1.0
8557.67276782 0.0
8558.08527016 0.0
8558.11277031 1.0
8558.91027483 1.0
8558.93777498 0.0
8560.64278463 0.0
8560.67028479 1.0
8561.16528759 1.0
8561.19278775 0.0
8564.41030596 0.0
8564.43780611 1.0
8564.98780923 1.0
8565.01530938 0.0
8570.81784223 0.0
8570.84534238 1.0
8571.36784534 1.0
8571.39534549 0.0
8572.6328525 0.0
8572.66035265 1.0
8573.70535857 1.0
8573.73285873 0.0
8573.76035888 0.0
8573.78785904 1.0
8574.28286184 1.0
8574.31036199 0.0
8575.16286682 0.0
8575.19036698 1.0
8575.76787024 1.0
8575.7953704 0.0
8576.07037196 0.0
8576.09787211 1.0
8576.5378746 1.0
8576.56537476 0.0
8577.77538161 0.0
8577.80288176 1.0
8578.24288425 1.0
8578.27038441 0.0
8583.33041305 0.0
8583.35791321 1.0
8583.82541585 1.0
8583.85291601 0.0
8592.40546442 0.0
8592.43296457 1.0
8592.95546753 1.0
8592.98296769 0.0
8593.23046909 0.0
8593.25796924 1.0
8593.80797236 1.0
8593.83547251 0.0
8607.77805143 0.0
8607.80555158 1.0
8608.27305423 1.0
8608.30055439 0.0
8612.56307851 0.0
8612.59057867 1.0
8613.08558147 1.0
8613.11308163 0.0
8737.74378706 0.0
8737.77128722 1.0
8738.21128971 1.0
8738.23878987 0.0
8760.56891626 0.0
8760.59641641 1.0
8761.03641891 1.0
8761.06391906 0.0
8782.26653907 0.0
8782.29403923 1.0
8782.81654219 1.0
8782.84404234 0.0
8794.50410834 0.0
8794.5316085 1.0
8795.0266113 1.0
8795.05411145 0.0
8802.03915099 0.0
8802.06665115 1.0
8802.64415441 1.0
8802.67165457 0.0
8805.5041706 0.0
8805.53167076 1.0
8806.13667418 1.0
8806.16417434 0.0
8813.78171746 0.0
8813.80921761 1.0
8814.52422166 1.0
8814.55172181 0.0
8821.28925995 0.0
8821.31676011 1.0
8821.92176353 1.0
8821.94926369 0.0
8822.30676571 0.0
8822.33426586 1.0
8822.9942696 1.0
8823.02176976 0.0
8824.53427832 0.0
8824.56177847 1.0
8825.08428143 1.0
8825.11178159 0.0
8833.33432813 0.0
8833.36182828 1.0
8833.99433186 1.0
8834.02183202 0.0
8837.59685225 0.0
8837.62435241 1.0
8838.42185692 1.0
8838.44935708 0.0
8838.75185879 0.0
8838.77935895 1.0
8839.21936144 1.0
8839.24686159 0.0
8840.56686907 0.0
8840.59436922 1.0
8841.11687218 1.0
8841.14437233 0.0
8848.12941187 0.0
8848.15691203 1.0
8848.7344153 1.0
8848.76191545 0.0
8854.42694752 0.0
8854.45444767 1.0
8855.11445141 1.0
8855.14195156 0.0
8859.34947538 0.0
8859.37697553 1.0
8860.50448192 1.0
8860.53198207 0.0
8860.80698363 0.0
8860.83448378 1.0
8861.65948845 1.0
8861.68698861 0.0
8867.37952083 0.0
8867.40702099 1.0
8867.84702348 1.0
8867.87452363 0.0
8868.28702597 0.0
8868.31452612 1.0
8869.08453048 1.0
8869.11203064 0.0
8871.17454231 0.0
8871.20204247 1.0
8871.77954574 1.0
8871.80704589 0.0
8874.50206115 0.0
8874.5295613 1.0
8875.05206426 1.0
8875.07956442 0.0
8879.72709072 0.0
8879.75459088 1.0
8880.24959368 1.0
8880.27709383 0.0
8881.21209913 0.0
8881.23959928 1.0
8882.2846052 1.0
8882.31210535 0.0
8884.04461516 0.0
8884.07211531 1.0
8884.89711998 1.0
8884.92462014 0.0
8895.89718225 0.0
8895.9246824 1.0
8896.47468552 1.0
8896.50218567 0.0
8896.58468614 0.0
8896.61218629 1.0
8897.21718972 1.0
8897.24468987 0.0
8898.64719781 0.0
8898.67469797 1.0
8899.44470233 1.0
8899.47220248 0.0
8901.09471167 0.0
8901.12221182 1.0
8901.72721525 1.0
8901.7547154 0.0
8902.66222054 0.0
8902.68972069 1.0
8903.48722521 1.0
8903.51472536 0.0
8909.34475836 0.0
8909.37225852 1.0
8910.33476397 1.0
8910.36226412 0.0
8913.08477953 0.0
8913.11227969 1.0
8913.96478451 1.0
8913.99228467 0.0
8918.0073074 0.0
8918.03480755 1.0
8918.69481129 1.0
8918.72231144 0.0
8919.35481502 0.0
8919.38231518 1.0
8920.4823214 1.0
8920.50982156 0.0
8921.6648281 0.0
8921.69232825 1.0
8922.87483495 1.0
8922.9023351 0.0
8923.78234008 0.0
8923.80984024 1.0
8924.3323432 1.0
8924.35984335 0.0
8925.26734849 0.0
8925.29484864 1.0
8925.76235129 1.0
8925.78985145 0.0
8926.91735783 0.0
8926.94485798 1.0
8927.43986079 1.0
8927.46736094 0.0
8928.70486795 0.0
8928.7323681 1.0
8929.69487355 1.0
8929.72237371 0.0
8930.82237993 0.0
8930.84988009 1.0
8933.68239612 1.0
8933.70989628 0.0
8933.79239674 0.0
8933.8198969 1.0
8935.19490468 1.0
8935.22240484 0.0
8935.85490842 0.0
8935.88240857 1.0
8937.17491589 1.0
8937.20241604 0.0
8937.61491838 0.0
8937.64241853 1.0
8938.65992429 1.0
8938.68742445 0.0
8939.95243161 0.0
8939.97993177 1.0
8940.44743441 1.0
8940.47493457 0.0
8942.15244406 0.0
8942.17994422 1.0
8943.44495138 1.0
8943.47245153 0.0
8943.77495325 0.0
8943.8024534 1.0
8945.39746243 1.0
8945.42496259 0.0
8946.27746741 0.0
8946.30496757 1.0
8947.04747177 1.0
8947.07497193 0.0
8948.11997784 0.0
8948.147478 1.0
8949.8799878 1.0
8949.90748796 0.0
8950.51249138 0.0
8950.53999154 1.0
8951.88749917 1.0
8951.91499932 0.0
8952.74000399 0.0
8952.76750415 1.0
8958.68003761 1.0
8958.70753777 0.0
8958.76253808 0.0
8958.79003824 1.0
8959.50504228 1.0
8959.53254244 0.0
8959.69754337 0.0
8959.72504353 1.0
8961.65005442 1.0
8961.67755458 0.0
8962.72256049 0.0
8962.75006065 1.0
8970.06510205 1.0
8970.09260221 0.0
8970.47760439 0.0
8970.50510454 1.0
8971.00010735 1.0
8971.0276075 0.0
8971.05510766 0.0
8971.08260781 1.0
8979.69015653 1.0
8979.71765669 0.0
8981.14766478 0.0
8981.17516494 1.0
8985.02518673 1.0
8985.05268689 0.0
8985.76769093 0.0
8985.79519109 1.0
8998.2527616 1.0
8998.28026176 0.0
8999.21526705 0.0
8999.24276721 1.0
9000.12277219 1.0
9000.15027234 0.0
9000.20527265 0.0
9000.23277281 1.0
9035.26797112 1.0
9035.29547127 0.0
9036.83547999 0.0
9036.86298015 1.0
9038.18298762 1.0
9038.21048777 0.0
9040.98800349 0.0
9041.01550365 1.0
9046.51553478 1.0
9046.54303494 0.0
9048.11054381 0.0
9048.13804396 1.0
9048.60554661 1.0
9048.63304677 0.0
9049.23805019 0.0
9049.26555035 1.0
9051.52056311 1.0
9051.54806327 0.0
9052.89557089 0.0
9052.92307105 1.0
9057.43309658 1.0
9057.46059673 0.0
9058.23060109 0.0
9058.25810125 1.0
9061.09061728 1.0
9061.11811743 0.0
9061.64062039 0.0
9061.66812055 1.0
9069.06566242 1.0
9069.09316258 0.0
9069.25816351 0.0
9069.28566366 1.0
9078.99321861 1.0
9079.02071877 0.0
9080.01072437 0.0
9080.03822453 1.0
9086.44576079 1.0
9086.47326095 0.0
9086.72076235 0.0
9086.74826251 1.0
9098.87583115 1.0
9098.90333131 0.0
9098.93083146 1.0
9099.53583489 1.0
9099.56333504 0.0
9099.5908352 1.0
9105.03586602 1.0
9105.06336617 0.0
9105.14586664 0.0
9105.1733668 1.0
9105.75087007 1.0
9105.77837022 0.0
9105.80587038 1.0
9112.26840696 1.0
9112.29590711 0.0
9112.4884082 0.0
9112.51590836 1.0
9113.86341598 1.0
9113.89091614 0.0
9114.02841692 0.0
9114.05591707 1.0
9114.77092112 1.0
9114.79842128 0.0
9114.88092174 0.0
9114.9084219 1.0
9116.11842875 1.0
9116.1459289 0.0
9116.39343031 0.0
9116.42093046 1.0
9123.95597311 1.0
9123.98347327 0.0
9125.74348323 0.0
9125.77098338 1.0
9150.02612067 1.0
9150.05362083 0.0
9150.08112099 1.0
9167.68122061 1.0
9167.70872076 0.0
9168.45122496 0.0
9168.47872512 1.0
9191.08385307 1.0
9191.11135323 0.0
9192.04635852 0.0
9192.07385867 1.0
9196.17138187 1.0
9196.19888202 0.0
9196.28138249 0.0
9196.30888264 1.0
9200.4889063 1.0
9200.51640646 0.0
9200.73640771 0.0
9200.76390786 1.0
9202.52391782 1.0
9202.55141798 0.0
9202.74391907 0.0
9202.77141922 1.0
9203.87142545 1.0
9203.89892561 0.0
9205.79643635 0.0
9205.8239365 1.0
9214.26648429 1.0
9214.29398444 0.0
9214.51398569 0.0
9214.54148585 1.0
9220.97652227 1.0
9221.00402242 0.0
9221.69152632 0.0
9221.71902647 1.0
9222.46153067 1.0
9222.48903083 0.0
9222.51653099 0.0
9222.54403114 1.0
9223.39653597 1.0
9223.42403612 0.0
9223.58903706 0.0
9223.61653721 1.0
9225.29404671 1.0
9225.32154686 0.0
9226.4765534 0.0
9226.50405356 1.0
9228.56656523 1.0
9228.59406539 0.0
9229.58407099 0.0
9229.61157115 1.0
9230.21657457 1.0
9230.24407473 0.0
9230.3815755 0.0
9230.40907566 1.0
9234.36909807 1.0
9234.39659823 0.0
9234.50659885 0.0
9234.53409901 1.0
9236.04660757 1.0
9236.07410772 0.0
9236.32160913 0.0
9236.34910928 1.0
9243.77415131 1.0
9243.80165146 0.0
9244.29665427 0.0
9244.32415442 1.0
9250.15418742 1.0
9250.18168758 0.0
9250.86919147 0.0
9250.89669162 1.0
9258.21173303 1.0
9258.23923318 0.0
9258.51423474 0.0
9258.5417349 1.0
9260.05424346 1.0
9260.08174361 0.0
9260.30174486 0.0
9260.32924501 1.0
9266.76428144 1.0
9266.79178159 0.0
9266.95678253 0.0
9266.98428268 1.0
9270.25680121 1.0
9270.28430136 0.0
9270.77930416 0.0
9270.80680432 1.0
9634.19386117 1.0
9634.22136133 0.0
9634.24886148 1.0
9675.82909684 1.0
9675.85659699 0.0
9676.73660197 0.0
9676.76410213 1.0
9678.27661069 1.0
9678.30411085 0.0
9678.41411147 0.0
9678.44161162 1.0
9679.95412018 1.0
9679.98162034 0.0
9680.0091205 0.0
9680.03662065 1.0
9687.43416252 1.0
9687.46166268 0.0
9687.54416315 0.0
9687.5716633 1.0
9689.79917591 1.0
9689.82667607 0.0
9690.2391784 0.0
9690.26667856 1.0
9698.84672712 1.0
9698.87422728 0.0
9699.50673086 0.0
9699.53423101 1.0
9705.96926744 1.0
9705.99676759 0.0
9706.93177288 0.0
9706.95927304 1.0
9708.60928238 1.0
9708.63678253 0.0
9710.28679187 0.0
9710.31429203 1.0
9712.76180588 1.0
9712.78930604 0.0
9712.95430697 0.0
9712.98180713 1.0
9720.90185196 1.0
9720.92935211 0.0
9721.89185756 0.0
9721.91935772 1.0
9724.06436986 1.0
9724.09187001 0.0
9724.2843711 0.0
9724.31187126 1.0
9734.78943056 1.0
9734.81693072 0.0
9734.9544315 0.0
9734.98193165 1.0
9769.7421284 1.0
9769.76962856 0.0
9770.09963043 0.0
9770.12713058 1.0
9772.43714366 1.0
9772.46464381 0.0
9773.94965222 0.0
9773.97715238 1.0
9775.29715985 1.0
9775.32466 0.0
9775.43466063 0.0
9775.46216078 1.0
9786.984726 1.0
9787.01222616 0.0
9787.42472849 0.0
9787.45222865 1.0
9791.02724888 1.0
9791.05474904 0.0
9791.13724951 0.0
9791.16474966 1.0
9798.8922934 1.0
9798.91979356 0.0
9800.01979978 0.0
9800.04729994 1.0
9806.92233885 1.0
9806.94983901 0.0
9807.41734165 0.0
9807.44484181 1.0
9808.40734726 1.0
9808.43484741 0.0
9808.51734788 0.0
9808.54484804 1.0
9809.34235255 1.0
9809.36985271 0.0
9810.35985831 0.0
9810.38735847 1.0
9811.95486734 1.0
9811.98236749 0.0
9812.53237061 0.0
9812.55987076 1.0
9813.35737528 1.0
9813.38487543 0.0
9814.34738088 0.0
9814.37488104 1.0
9816.98739582 1.0
9817.01489598 0.0
9817.48239863 0.0
9817.50989878 1.0
9821.68992244 1.0
9821.7174226 0.0
9823.42243225 0.0
9823.4499324 1.0
9825.1274419 1.0
9825.15494205 0.0
9825.48494392 0.0
9825.51244408 1.0
9830.65497318 1.0
9830.68247334 0.0
9831.14997599 0.0
9831.17747614 1.0
9831.64497879 1.0
9831.67247894 0.0
9831.72747926 0.0
9831.75497941 1.0
9832.30498252 1.0
9832.33248268 0.0
9832.77248517 0.0
9832.79998533 1.0
9836.01750354 1.0
9836.04500369 0.0
9836.89750852 0.0
9836.92500867 1.0
9837.36501117 1.0
9837.39251132 0.0
9837.94251443 0.0
9837.97001459 1.0
9839.48252315 1.0
9839.51002331 0.0
9839.59252377 0.0
9839.62002393 1.0
9841.54503483 1.0
9841.57253498 0.0
9841.84753654 0.0
9841.87503669 1.0
9843.27754463 1.0
9843.30504479 0.0
9844.51505164 0.0
9844.54255179 1.0
9848.14507218 1.0
9848.17257234 0.0
9848.22757265 0.0
9848.25507281 1.0
9849.6850809 1.0
9849.71258106 0.0
9849.82258168 0.0
9849.85008183 1.0
9850.75758697 1.0
9850.78508713 0.0
9850.81258728 1.0
9854.60760876 1.0
9854.63510892 0.0
9854.91011047 0.0
9854.93761063 1.0
9856.06511701 1.0
9856.09261717 0.0
9856.86262153 0.0
9856.89012168 1.0
9858.07262838 1.0
9858.10012853 0.0
9858.32012978 0.0
9858.34762993 1.0
9858.84263273 1.0
9858.87013289 0.0
9858.89763304 0.0
9858.9251332 1.0
9860.41014161 1.0
9860.43764176 0.0
9862.8301553 0.0
9862.85765546 1.0
9864.17766293 1.0
9864.20516309 0.0
9866.73517741 0.0
9866.76267756 1.0
9867.28518052 1.0
9867.31268068 0.0
9867.75268317 0.0
9867.78018332 1.0
9868.63268815 1.0
9868.6601883 0.0
9869.21019142 0.0
9869.23769157 1.0
9871.16270247 1.0
9871.19020262 0.0
9871.21770278 0.0
9871.24520293 1.0
9871.98770714 1.0
9872.01520729 0.0
9872.31770901 0.0
9872.34520916 1.0
9873.44521539 1.0
9873.47271554 0.0
9873.72021694 0.0
9873.7477171 1.0
9874.21521975 1.0
9874.2427199 0.0
9875.20522535 0.0
9875.2327255 1.0
9877.76273983 1.0
9877.79023998 0.0
9880.48525524 0.0
9880.51275539 1.0
9881.61276162 1.0
9881.64026177 0.0
9882.05276411 0.0
9882.08026426 1.0
9882.93276909 1.0
9882.96026924 0.0
9883.70277345 0.0
9883.7302736 1.0
9884.2252764 1.0
9884.25277656 0.0
9886.8927915 0.0
9886.92029166 1.0
9887.52529508 1.0
9887.55279524 0.0
9887.85529695 0.0
9887.88279711 1.0
9888.95530318 1.0
9888.98280333 0.0
9890.24781049 0.0
9890.27531065 1.0
9891.07281516 1.0
9891.10031532 0.0
9891.56781797 0.0
9891.59531812 1.0
9892.11782108 1.0
9892.14532123 0.0
9892.36532248 0.0
9892.39282263 1.0
9893.27282762 1.0
9893.30032777 0.0
9893.85033088 0.0
9893.87783104 1.0
9894.48283446 1.0
9894.51033462 0.0
9895.33533929 0.0
9895.36283945 1.0
9895.85784225 1.0
9895.8853424 0.0
9895.99534303 0.0
9896.02284318 1.0
9897.12284941 1.0
9897.15034956 0.0
9897.23285003 0.0
9897.26035019 1.0
9897.89285377 1.0
9897.92035392 0.0
9898.41535672 0.0
9898.44285688 1.0
9899.62536357 1.0
9899.65286373 0.0
9899.70786404 0.0
9899.7353642 1.0
9903.77788708 1.0
9903.80538723 0.0
9904.02538848 0.0
9904.05288863 1.0
9905.1253947 1.0
9905.15289486 0.0
9907.43540778 0.0
9907.46290794 1.0
9908.12291167 1.0
9908.15041183 0.0
9910.29542397 0.0
9910.32292412 1.0
9911.50543082 1.0
9911.53293097 0.0
9912.57793689 0.0
9912.60543704 1.0
9913.29294093 1.0
9913.32044109 0.0
9914.14544576 0.0
9914.17294592 1.0
9914.69544887 1.0
9914.72294903 0.0
9917.720466 0.0
9917.74796615 1.0
9918.49047035 1.0
9918.51797051 0.0
9921.59798794 0.0
9921.6254881 1.0
9922.45049277 1.0
9922.47799292 0.0
9922.53299324 0.0
9922.56049339 1.0
9923.52299884 1.0
9923.55049899 0.0
9925.25550865 0.0
9925.2830088 1.0
9925.75051145 1.0
9925.7780116 0.0
9925.94301254 0.0
9925.97051269 1.0
9926.52051581 1.0
9926.54801596 0.0
9928.33552608 0.0
9928.36302623 1.0
9930.48053822 1.0
9930.50803838 0.0
9931.25054258 0.0
9931.27804273 1.0
9932.13054756 1.0
9932.15804772 0.0
9933.01055254 0.0
9933.0380527 1.0
9934.19305923 1.0
9934.22055939 0.0
9935.12806453 0.0
9935.15556468 1.0
9935.62306733 1.0
9935.65056748 0.0
9936.86057433 0.0
9936.88807449 1.0
9937.49307791 1.0
9937.52057807 0.0
9938.26308227 0.0
9938.29058243 1.0
9938.84058554 1.0
9938.8680857 0.0
9941.94810313 0.0
9941.97560328 1.0
9942.49810624 1.0
9942.5256064 0.0
9942.55310655 1.0
9943.07560951 1.0
9943.10310967 0.0
9943.7631134 0.0
9943.79061356 1.0
9944.47811745 1.0
9944.50561761 0.0
9949.15314391 0.0
9949.18064407 1.0
9949.64814671 1.0
9949.67564687 0.0
9953.05816601 0.0
9953.08566617 1.0
9953.71816975 1.0
9953.74566991 0.0
9954.02067146 0.0
9954.04817162 1.0
9955.03817722 1.0
9955.06567738 0.0
9955.47817971 0.0
9955.50567987 1.0
9955.97318251 1.0
9956.00068267 0.0
9957.98069388 0.0
9958.00819403 1.0
9958.64069761 1.0
9958.66819777 0.0
9959.27320119 0.0
9959.30070135 1.0
9959.98820524 1.0
9960.0157054 0.0
9960.04320555 0.0
9960.07070571 1.0
9960.53820835 1.0
9960.56570851 0.0
9964.19572906 0.0
9964.22322921 1.0
9964.69073186 1.0
9964.71823201 0.0
9968.29325225 0.0
9968.3207524 1.0
9968.76075489 1.0
9968.78825505 0.0
9969.61325972 0.0
9969.64075988 1.0
9970.46576455 1.0
9970.4932647 0.0
9971.95077295 0.0
9971.97827311 1.0
9972.44577575 1.0
9972.47327591 0.0
9979.40331513 0.0
9979.43081529 1.0
9980.2283198 1.0
9980.25581996 0.0
9986.52585545 0.0
9986.5533556 1.0
9987.26835965 1.0
9987.29585981 0.0
9988.94586915 0.0
9988.9733693 1.0
9989.57837273 1.0
9989.60587288 0.0
9990.76087942 0.0
9990.78837958 1.0
9991.25588222 1.0
9991.28338238 0.0
9991.393383 0.0
9991.42088316 1.0
9991.99838642 1.0
9992.02588658 0.0
9995.27090495 0.0
9995.2984051 1.0
9996.20591024 1.0
9996.2334104 0.0
10000.220933 0.0
10000.2484331 1.0
10000.7984362 1.0
10000.8259364 0.0
10001.0184375 0.0
10001.0459376 1.0
10002.5034459 1.0
10002.530946 0.0
10012.6235032 0.0
10012.6510033 1.0
10013.6410089 1.0
10013.6685091 0.0
10013.998511 0.0
10014.0260111 1.0
10014.6035144 1.0
10014.6310145 0.0
10014.713515 0.0
10014.7410152 1.0
10015.3185184 1.0
10015.3460186 0.0
10018.1785346 0.0
10018.2060348 1.0
10018.7010376 1.0
10018.7285377 0.0
10018.8660385 0.0
10018.8935387 1.0
10020.1585458 1.0
10020.186046 0.0
10020.9560503 0.0
10020.9835505 1.0
10021.781055 1.0
10021.8085552 0.0
10024.0085676 0.0
10024.0360678 1.0
10025.7685776 1.0
10025.7960777 0.0
10025.9060783 0.0
10025.9335785 1.0
10026.6485826 1.0
10026.6760827 0.0
10028.3810924 0.0
10028.4085925 1.0
10028.9585956 1.0
10028.9860958 0.0
10039.3261543 0.0
10039.3536545 1.0
10040.3161599 1.0
10040.3436601 0.0
10040.3711602 1.0
10040.9486635 1.0
10040.9761636 0.0
10044.0836812 0.0
10044.1111814 1.0
10044.8811858 1.0
10044.9086859 0.0
10050.216216 0.0
10050.2437161 1.0
10051.3437223 1.0
10051.3712225 0.0
10055.6337466 0.0
10055.6612468 1.0
10056.5137516 1.0
10056.5412518 0.0
10061.4362795 0.0
10061.4637796 1.0
10062.0962832 1.0
10062.1237834 0.0
10066.4413078 0.0
10066.4688079 1.0
10067.1563118 1.0
10067.183812 0.0
10072.0238394 0.0
10072.0513395 1.0
10072.7663436 1.0
10072.7938437 0.0
10076.0388621 0.0
10076.0663623 1.0
10076.5888652 1.0
10076.6163654 0.0
10079.9163841 0.0
10079.9438842 1.0
10080.8788895 1.0
10080.9063897 0.0
10084.2614087 0.0
10084.2889088 1.0
10084.9489125 1.0
10084.9764127 0.0
10089.4039378 0.0
10089.4314379 1.0
10090.3664432 1.0
10090.3939434 0.0
10091.7139508 0.0
10091.741451 1.0
10092.6489561 1.0
10092.6764563 0.0
10093.7214622 0.0
10093.7489624 1.0
10094.6014672 1.0
10094.6289673 0.0
10094.9864694 0.0
10095.0139695 1.0
10096.0039751 1.0
10096.0314753 0.0
10097.2964824 0.0
10097.3239826 1.0
10098.0664868 1.0
10098.0939869 0.0
10099.9639975 0.0
10099.9914977 1.0
10100.7065017 1.0
10100.7340019 0.0
10102.2465105 0.0
10102.2740106 1.0
10103.0715151 1.0
10103.0990153 0.0
10105.0515263 0.0
10105.0790265 1.0
10105.5465291 1.0
10105.5740293 0.0
10108.2415444 0.0
10108.2690445 1.0
10108.9290483 1.0
10108.9565484 0.0
10112.2840673 0.0
10112.3115674 1.0
10112.7790701 1.0
10112.8065702 0.0
10114.5115799 0.0
10114.53908 1.0
10115.0065827 1.0
10115.0340828 0.0
10117.7290981 0.0
10117.7565982 1.0
10118.416602 1.0
10118.4441021 0.0
10119.0766057 0.0
10119.1041059 1.0
10119.5991087 1.0
10119.6266088 0.0
10121.2766182 0.0
10121.3041183 1.0
10122.2391236 1.0
10122.2666238 0.0
10127.2716521 0.0
10127.2991523 1.0
10127.7666549 1.0
10127.7941551 0.0
10131.7541775 0.0
10131.7816776 1.0
10132.4966817 1.0
10132.5241818 0.0
10143.1392419 0.0
10143.1667421 1.0
10144.1842478 1.0
10144.211748 0.0
10144.5417499 0.0
10144.56925 1.0
10145.1742534 1.0
10145.2017536 0.0
10147.1542646 0.0
10147.1817648 1.0
10148.1717704 1.0
10148.1992706 0.0
10155.4043113 0.0
10155.4318115 1.0
10156.3393166 1.0
10156.3668168 0.0
10167.9443823 0.0
10167.9718825 1.0
10168.6318862 1.0
10168.6593864 0.0
10169.3743904 0.0
10169.4018906 1.0
10170.006894 1.0
10170.0343941 0.0
10174.4619192 0.0
10174.4894194 1.0
10175.2319236 1.0
10175.2594237 0.0
10186.0669849 0.0
10186.0944851 1.0
10186.6719883 1.0
10186.6994885 0.0
10193.0795246 0.0
10193.1070247 1.0
10194.7570341 1.0
10194.7845342 0.0
10203.584584 0.0
10203.6120842 1.0
10204.2445878 1.0
10204.2720879 0.0
10204.7945909 0.0
10204.8220911 1.0
10205.3995943 1.0
10205.4270945 0.0
10212.5496348 0.0
10212.5771349 1.0
10213.0721378 1.0
10213.0996379 0.0
10215.9871543 0.0
10216.0146544 1.0
10216.5921577 1.0
10216.6196578 0.0
10216.8121589 0.0
10216.8396591 1.0
10217.8571648 1.0
10217.884665 0.0
10228.9672277 0.0
10228.9947279 1.0
10229.8747329 1.0
10229.902233 0.0
10235.0997624 0.0
10235.1272626 1.0
10235.8147665 1.0
10235.8422666 0.0
10237.5197761 0.0
10237.5472763 1.0
10238.1797799 1.0
10238.20728 0.0
10238.372281 0.0
10238.3997811 1.0
10239.3072862 1.0
10239.3347864 0.0
10239.609788 0.0
10239.6372881 1.0
10240.5172931 1.0
10240.5447933 0.0
10252.5898614 0.0
10252.6173616 1.0
10253.222365 1.0
10253.2498652 0.0
10257.4298888 0.0
10257.457389 1.0
10258.2823937 1.0
10258.3098938 0.0
10262.6274182 0.0
10262.6549184 1.0
10263.287422 1.0
10263.3149221 0.0
10272.6649751 0.0
10272.6924752 1.0
10273.4349794 1.0
10273.4624796 0.0
10275.3324902 0.0
10275.3599903 1.0
10276.1574948 1.0
10276.184995 0.0
10276.6799978 0.0
10276.7074979 1.0
10277.2025007 1.0
10277.2300009 0.0
10285.7825493 0.0
10285.8100495 1.0
10286.5250535 1.0
10286.5525537 0.0
10287.5150591 0.0
10287.5425593 1.0
10288.0375621 1.0
10288.0650622 0.0
10288.560065 0.0
10288.5875652 1.0
10289.082568 1.0
10289.1100681 0.0
10294.1700968 0.0
10294.1975969 1.0
10294.7476001 1.0
10294.7751002 0.0
10300.1101304 0.0
10300.1376306 1.0
10300.6876337 1.0
10300.7151338 0.0
10309.3776829 0.0
10309.405183 1.0
10309.9001858 1.0
10309.927686 0.0
10314.4652117 0.0
10314.4927118 1.0
10315.1252154 1.0
10315.1527156 0.0
10333.6328202 0.0
10333.6603203 1.0
10334.2103234 1.0
10334.2378236 0.0
10336.7128376 0.0
10336.7403377 1.0
10337.1803402 1.0
10337.2078404 0.0
10360.5279724 0.0
10360.5554725 1.0
10361.0229752 1.0
10361.0504753 0.0
10494.206229 0.0
10494.2337292 1.0
10494.6737317 1.0
10494.7012318 0.0
10495.966239 0.0
10495.9937392 1.0
10496.4337416 1.0
10496.4612418 0.0
10496.9837448 0.0
10497.0112449 1.0
10497.4512474 1.0
10497.4787476 0.0
10498.083751 0.0
10498.1112511 1.0
10498.5512536 1.0
10498.5787538 0.0
10499.2662577 0.0
10499.2937578 1.0
10499.7337603 1.0
10499.7612605 0.0
10500.5312648 0.0
10500.558765 1.0
10500.9987675 1.0
10501.0262676 0.0
10519.0938699 0.0
10519.1213701 1.0
10519.5613725 1.0
10519.5888727 0.0
10521.3488827 0.0
10521.3763828 1.0
10521.8163853 1.0
10521.8438855 0.0
10523.7138961 0.0
10523.7413962 1.0
10524.1813987 1.0
10524.2088989 0.0
10526.1339098 0.0
10526.1614099 1.0
10526.6014124 1.0
10526.6289126 0.0
10528.6639241 0.0
10528.6914242 1.0
10529.1314267 1.0
10529.1589269 0.0
10600.8243325 0.0
10600.8518327 1.0
10601.2918352 1.0
10601.3193353 0.0
10611.6593938 0.0
10611.686894 1.0
10612.1268965 1.0
10612.1543966 0.0
10622.8794574 0.0
10622.9069575 1.0
10623.34696 1.0
10623.3744602 0.0
10623.5394611 0.0
10623.5669612 1.0
10624.1444645 1.0
10624.1719647 0.0
10627.6919846 0.0
10627.7194847 1.0
10628.2694879 1.0
10628.296988 0.0
10633.7145187 0.0
10633.7420188 1.0
10634.1820213 1.0
10634.2095215 0.0
10634.4570229 0.0
10634.484523 1.0
10634.9520257 1.0
10634.9795258 0.0
10636.0795321 0.0
10636.1070322 1.0
10636.5470347 1.0
10636.5745349 0.0
10637.6195408 0.0
10637.6470409 1.0
10638.0870434 1.0
10638.1145436 0.0
10639.957054 0.0
10639.9845542 1.0
10640.4245567 1.0
10640.4520568 0.0
10641.8545648 0.0
10641.8820649 1.0
10642.3220674 1.0
10642.3495676 0.0
10644.192078 0.0
10644.2195781 1.0
10644.6595806 1.0
10644.6870808 0.0
10646.4195906 0.0
10646.4470908 1.0
10646.9420936 1.0
10646.9695937 0.0
10647.024594 0.0
10647.0520942 1.0
10647.6845978 1.0
10647.7120979 0.0
10648.7571038 0.0
10648.784604 1.0
10649.2521066 1.0
10649.2796068 0.0
10650.5446139 0.0
10650.5721141 1.0
10651.3421185 1.0
10651.3696186 0.0
10651.3971188 1.0
10651.8646214 1.0
10651.8921216 0.0
10653.6521315 0.0
10653.6796317 1.0
10654.1746345 1.0
10654.2021346 0.0
10656.6771487 0.0
10656.7046488 1.0
10657.1721515 1.0
10657.1996516 0.0
10658.8221608 0.0
10658.849661 1.0
10659.4271642 1.0
10659.4546644 0.0
10662.3421807 0.0
10662.3696809 1.0
10662.8096834 1.0
10662.8371835 0.0
10664.5421932 0.0
10664.5696933 1.0
10665.037196 1.0
10665.0646961 0.0
10670.0422243 0.0
10670.0697245 1.0
10671.0047298 1.0
10671.0322299 0.0
10674.937252 0.0
10674.9647522 1.0
10675.4047547 1.0
10675.4322548 0.0
10675.7347565 0.0
10675.7622567 1.0
10676.5872614 1.0
10676.6147615 0.0
10676.9172632 0.0
10676.9447634 1.0
10677.7972682 1.0
10677.8247684 0.0
10678.0447696 0.0
10678.0722698 1.0
10678.8422741 1.0
10678.8697743 0.0
10679.1447758 0.0
10679.172276 1.0
10679.6672788 1.0
10679.6947789 0.0
10679.9697805 0.0
10679.9972807 1.0
10681.0972869 1.0
10681.124787 0.0
10682.3347939 0.0
10682.362294 1.0
10682.8572968 1.0
10682.884797 0.0
10684.479806 0.0
10684.5073062 1.0
10685.002309 1.0
10685.0298091 0.0
10686.9273199 0.0
10686.95482 1.0
10687.6698241 1.0
10687.6973242 0.0
10691.7673473 0.0
10691.7948474 1.0
10692.2348499 1.0
10692.2623501 0.0
10693.5548574 0.0
10693.5823575 1.0
10694.2148611 1.0
10694.2423613 0.0
10694.3798621 0.0
10694.4073622 1.0
10695.0948661 1.0
10695.1223663 0.0
10698.3948848 0.0
10698.4223849 1.0
10699.0548885 1.0
10699.0823887 0.0
10699.3023899 0.0
10699.3298901 1.0
10699.7973927 1.0
10699.8248929 0.0
10701.4749022 0.0
10701.5024024 1.0
10702.7949097 1.0
10702.8224098 0.0
10707.1949346 0.0
10707.2224348 1.0
10707.6624372 1.0
10707.6899374 0.0
10709.4224472 0.0
10709.4499474 1.0
10709.8899499 1.0
10709.91745 0.0
10711.3199579 0.0
10711.3474581 1.0
10711.8149607 1.0
10711.8424609 0.0
10714.8124777 0.0
10714.8399779 1.0
10715.389981 1.0
10715.4174811 0.0
10715.4449813 1.0
10715.8849838 1.0
10715.9124839 0.0
10717.1499909 0.0
10717.1774911 1.0
10717.6724939 1.0
10717.6999941 0.0
10718.9100009 0.0
10718.9375011 1.0
10719.6525051 1.0
10719.6800053 0.0
10720.7250112 0.0
10720.7525113 1.0
10721.3575148 1.0
10721.3850149 0.0
10723.337526 0.0
10723.3650261 1.0
10724.4650323 1.0
10724.4925325 0.0
10725.5375384 0.0
10725.5650386 1.0
10726.6375446 1.0
10726.6650448 0.0
10729.3325599 0.0
10729.3600601 1.0
10730.1025643 1.0
10730.1300644 0.0
10731.12007 0.0
10731.1475702 1.0
10731.642573 1.0
10731.6700731 0.0
10742.2576331 0.0
10742.2851332 1.0
10742.7526359 1.0
10742.780136 0.0
10745.8601535 0.0
10745.8876536 1.0
10746.9601597 1.0
10746.9876598 0.0
10747.01516 1.0
10748.1701665 1.0
10748.1976667 0.0
10748.6651693 0.0
10748.6926695 1.0
10749.4626738 1.0
10749.490174 0.0
10755.1277059 0.0
10755.1552061 1.0
10755.677709 1.0
10755.7052092 0.0
10757.3002182 0.0
10757.3277184 1.0
10757.795221 1.0
10757.8227212 0.0
10763.0477507 0.0
10763.0752509 1.0
10763.5702537 1.0
10763.5977538 0.0
10763.982756 0.0
10764.0102562 1.0
10764.7802605 1.0
10764.8077607 0.0
10771.3252976 0.0
10771.3527977 1.0
10772.1228021 1.0
10772.1503023 0.0
10774.047813 0.0
10774.0753132 1.0
10776.3853262 1.0
10776.4128264 0.0
10781.6653561 0.0
10781.6928563 1.0
10782.4903608 1.0
10782.5178609 0.0
10784.11287 0.0
10784.1403701 1.0
10785.2403764 1.0
10785.2678765 0.0
10794.7004299 0.0
10794.7279301 1.0
10795.5529347 1.0
10795.5804349 0.0
10797.6429466 0.0
10797.6704467 1.0
10798.4954514 1.0
10798.5229515 0.0
10799.842959 0.0
10799.8704592 1.0
10800.4204623 1.0
10800.4479624 0.0
10801.7679699 0.0
10801.7954701 1.0
10803.3904791 1.0
10803.4179792 0.0
10806.1129945 0.0
10806.1404947 1.0
10807.1305003 1.0
10807.1580004 0.0
10808.9455105 0.0
10808.9730107 1.0
10809.7705152 1.0
10809.7980154 0.0
10811.8055267 0.0
10811.8330269 1.0
10812.38303 1.0
10812.4105301 0.0
10812.9880334 0.0
10813.0155336 1.0
10814.5830424 1.0
10814.6105426 0.0
10814.6380427 1.0
10815.4905476 1.0
10815.5180477 0.0
10818.4330642 0.0
10818.4605644 1.0
10819.5330705 1.0
10819.5605706 0.0
10820.2480745 0.0
10820.2755747 1.0
10820.9905787 1.0
10821.0180789 0.0
10824.7856002 0.0
10824.8131003 1.0
10825.4181038 1.0
10825.4456039 0.0
10834.108153 0.0
10834.1356531 1.0
10836.0331638 1.0
10836.060664 0.0
10836.2531651 0.0
10836.2806653 1.0
10837.6006727 1.0
10837.6281729 0.0
10840.0756867 0.0
10840.1031869 1.0
10841.5056948 1.0
10841.533195 0.0
10843.2932049 0.0
10843.3207051 1.0
10844.2557104 1.0
10844.2832105 0.0
10845.5207176 0.0
10845.5482177 1.0
10846.7857247 1.0
10846.8132249 0.0
10851.955754 0.0
10851.9832541 1.0
10853.550763 1.0
10853.5782632 0.0
10853.8532647 0.0
10853.8807649 1.0
10854.6782694 1.0
10854.7057695 0.0
10855.3382731 0.0
10855.3657733 1.0
10856.1082775 1.0
10856.1357776 0.0
10859.3257957 0.0
10859.3532958 1.0
10864.2483236 1.0
10864.2758237 0.0
10865.8708327 0.0
10865.8983329 1.0
10866.9433388 1.0
10866.970839 0.0
10870.3533581 0.0
10870.3808583 1.0
10872.8283721 1.0
10872.8558723 0.0
10877.3383976 0.0
10877.3658978 1.0
10878.4384039 1.0
10878.465904 0.0
10878.9334067 0.0
10878.9609068 1.0
10879.5934104 1.0
10879.6209106 0.0
10884.4059377 0.0
10884.4334378 1.0
10885.6709448 1.0
10885.698445 0.0
10889.0809641 0.0
10889.1084643 1.0
10890.2084705 1.0
10890.2359706 0.0
10890.8959744 0.0
10890.9234745 1.0
10892.5734839 1.0
10892.600984 0.0
10892.6559843 0.0
10892.6834845 1.0
10893.4534889 1.0
10893.480989 0.0
10893.8659912 0.0
10893.8934914 1.0
10895.956003 1.0
10895.9835032 0.0
10900.4385284 0.0
10900.4660286 1.0
10900.9885315 1.0
10901.0160317 0.0
10901.0435318 0.0
10901.071032 1.0
10902.5285402 1.0
10902.5560404 0.0
10902.7485415 0.0
10902.7760416 1.0
10905.1960553 1.0
10905.2235555 0.0
10905.8835592 0.0
10905.9110594 1.0
10907.3960678 1.0
10907.4235679 0.0
10907.5335686 0.0
10907.5610687 1.0
10908.2210724 1.0
10908.2485726 0.0
10911.7410924 0.0
10911.7685925 1.0
10912.566097 1.0
10912.5935972 0.0
10917.9836277 0.0
10918.0111279 1.0
10918.6711316 1.0
10918.6986318 0.0
10919.7161375 0.0
10919.7436377 1.0
10920.4861419 1.0
10920.513642 0.0
10923.8411609 0.0
10923.868661 1.0
10930.4961985 1.0
10930.5236987 0.0
10931.293703 0.0
10931.3212032 1.0
10931.7612057 1.0
10931.7887058 0.0
10933.1362135 0.0
10933.1637136 1.0
10934.5387214 1.0
10934.5662216 0.0
10937.3437373 0.0
10937.3712374 1.0
10938.9112462 1.0
10938.9387463 0.0
10941.3037597 0.0
10941.3312599 1.0
10942.0462639 1.0
10942.0737641 0.0
10942.5687669 0.0
10942.596267 1.0
10943.5862726 1.0
10943.6137728 0.0
10944.5762782 0.0
10944.6037784 1.0
10946.1987874 1.0
10946.2262876 0.0
10946.308788 0.0
10946.3362882 1.0
10951.2588161 1.0
10951.2863162 0.0
10952.6063237 0.0
10952.6338238 1.0
10954.256333 1.0
10954.2838332 0.0
10956.731347 0.0
10956.7588472 1.0
10964.4313906 1.0
10964.4588908 0.0
10964.7338923 0.0
10964.7613925 1.0
10966.1914006 1.0
10966.2189007 0.0
10971.911433 0.0
10971.9389331 1.0
10972.9014386 1.0
10972.9289387 0.0
10975.101451 0.0
10975.1289512 1.0
10982.4989929 1.0
10982.526493 0.0
10984.6165049 0.0
10984.644005 1.0
10986.2665142 1.0
10986.2940144 0.0
10986.5690159 0.0
10986.5965161 1.0
10992.1240474 1.0
10992.1515475 0.0
10993.2790539 0.0
10993.3065541 1.0
11001.254099 1.0
11001.2815992 0.0
11001.7491018 0.0
11001.776602 1.0
11003.2616104 1.0
11003.2891106 0.0
11004.3066163 0.0
11004.3341165 1.0
11007.8816366 1.0
11007.9091367 0.0
11008.6791411 0.0
11008.7066412 1.0
11013.6841694 1.0
11013.7116695 0.0
11016.2141837 0.0
11016.2416839 1.0
11028.1767514 1.0
11028.2042516 0.0
11028.4792531 0.0
11028.5067533 1.0
11037.994307 1.0
11038.0218072 0.0
11039.3418146 0.0
11039.3693148 1.0
11046.4368548 1.0
11046.4643549 0.0
11046.8493571 0.0
11046.8768573 1.0
11051.0843811 1.0
11051.1118812 0.0
11051.1668816 0.0
11051.1943817 1.0
11051.6618844 1.0
11051.6893845 0.0
11051.8268853 0.0
11051.8543854 1.0
11068.9319821 1.0
11068.9594823 0.0
11071.5169967 0.0
11071.5444969 1.0
11075.6695202 1.0
11075.6970204 0.0
11076.2745237 0.0
11076.3020238 1.0
11096.1846364 1.0
11096.2121365 0.0
11096.5696385 0.0
11096.5971387 1.0
11119.5322685 1.0
11119.5597687 0.0
11119.6422691 0.0
11119.6697693 1.0
11630.5401609 1.0
11630.5676611 0.0
11631.1176642 0.0
11631.1451644 1.0
11680.4254433 1.0
11680.4529435 0.0
11682.0754526 0.0
11682.1029528 1.0
11686.9979805 1.0
11687.0254807 0.0
11687.080481 0.0
11687.1079811 1.0
11689.8579967 1.0
11689.8854968 0.0
11690.9855031 0.0
11691.0130032 1.0
11696.458034 1.0
11696.4855342 0.0
11698.0255429 0.0
11698.0530431 1.0
11701.1605607 1.0
11701.1880608 0.0
11701.215561 1.0
11707.2930954 1.0
11707.3205955 0.0
11707.5405968 0.0
11707.5680969 1.0
11712.2981237 1.0
11712.3256239 0.0
11712.7381262 0.0
11712.7656264 1.0
11714.9381386 1.0
11714.9656388 0.0
11715.9556444 0.0
11715.9831446 1.0
11716.4231471 1.0
11716.4506472 0.0
11717.1106509 0.0
11717.1381511 1.0
11721.3456749 1.0
11721.3731751 0.0
11721.7856774 0.0
11721.8131776 1.0
11726.2682028 1.0
11726.2957029 0.0
11726.5432043 0.0
11726.5707045 1.0
11733.0332411 1.0
11733.0607412 0.0
11734.2982482 0.0
11734.3257484 1.0
11744.9133083 1.0
11744.9408085 0.0
11747.2508215 0.0
11747.2783217 1.0
11750.1108377 1.0
11750.1383379 0.0
11751.4583454 0.0
11751.4858455 1.0
11758.6633861 1.0
11758.6908863 0.0
11762.5409081 0.0
11762.5684082 1.0
11763.228412 1.0
11763.2559121 0.0
11763.6959146 0.0
11763.7234148 1.0
11764.3009181 1.0
11764.3284182 0.0
11765.703426 0.0
11765.7309261 1.0
11767.6834372 1.0
11767.7109374 0.0
11770.6809542 0.0
11770.7084543 1.0
11772.3034633 1.0
11772.3309635 0.0
11772.8534665 0.0
11772.8809666 1.0
11780.9660124 1.0
11780.9935125 0.0
11781.2135138 0.0
11781.2410139 1.0
11781.8735175 1.0
11781.9010177 0.0
11781.9835181 0.0
11782.0110183 1.0
11787.4010488 1.0
11787.428549 0.0
11792.1585757 0.0
11792.1860759 1.0
11793.093581 1.0
11793.1210812 0.0
11793.5335835 0.0
11793.5610837 1.0
11799.7486187 1.0
11799.7761188 0.0
11799.9136196 0.0
11799.9411198 1.0
11801.4536283 1.0
11801.4811285 0.0
11803.5986405 0.0
11803.6261406 1.0
11805.3586504 1.0
11805.3861506 0.0
11806.6786579 0.0
11806.7061581 1.0
11810.5561799 1.0
11810.58368 0.0
11811.2161836 0.0
11811.2436838 1.0
11828.9262838 1.0
11828.953784 0.0
11829.9437896 0.0
11829.9712898 1.0
11831.428798 1.0
11831.4562982 0.0
11831.8413003 0.0
11831.8688005 1.0
11832.5288042 1.0
11832.5563044 0.0
11832.7213053 0.0
11832.7488055 1.0
11833.5738102 1.0
11833.6013103 0.0
11835.4163206 0.0
11835.4438207 1.0
11840.0088466 1.0
11840.0363467 0.0
11840.61385 0.0
11840.6413502 1.0
11852.6864183 1.0
11852.7139185 0.0
11852.8514193 0.0
11852.8789194 1.0
11853.4289225 1.0
11853.4564227 0.0
11853.5939235 0.0
11853.6214236 1.0
11855.986437 1.0
11856.0139372 0.0
11856.6739409 0.0
11856.7014411 1.0
11857.7189468 1.0
11857.746447 0.0
11858.4339509 0.0
11858.461451 1.0
11861.1289661 1.0
11861.1564663 0.0
11861.2939671 0.0
11861.3214672 1.0
11862.0364713 1.0
11862.0639714 0.0
11863.0264769 0.0
11863.053977 1.0
11863.6589804 1.0
11863.6864806 0.0
11863.7414809 0.0
11863.7689811 1.0
11866.3539957 1.0
11866.3814959 0.0
11866.7939982 0.0
11866.8214983 1.0
11867.4815021 1.0
11867.5090022 0.0
11867.7015033 0.0
11867.7290035 1.0
11887.4466151 1.0
11887.4741152 0.0
11888.8216229 0.0
11888.849123 1.0
11895.0641582 1.0
11895.0916584 0.0
11897.6491728 0.0
11897.676673 1.0
11899.6016839 1.0
11899.629184 0.0
11899.7666848 0.0
11899.794185 1.0
11900.9216914 1.0
11900.9491915 0.0
11901.3066935 0.0
11901.3341937 1.0
11904.386711 1.0
11904.4142111 0.0
11905.5417175 0.0
11905.5692177 1.0
11912.1967552 1.0
11912.2242553 0.0
11912.3617561 0.0
11912.3892563 1.0
11914.2042665 1.0
11914.2317667 0.0
11917.1467832 0.0
11917.1742833 1.0
11920.5293023 1.0
11920.5568025 0.0
11920.6118028 0.0
11920.639303 1.0
11921.6293086 1.0
11921.6568087 0.0
11923.3343182 0.0
11923.3618184 1.0
11923.8568212 1.0
11923.8843213 0.0
11925.0943282 0.0
11925.1218283 1.0
11926.6618371 1.0
11926.6893372 0.0
11927.1018395 0.0
11927.1293397 1.0
11928.779349 1.0
11928.8068492 0.0
11931.3918638 0.0
11931.419364 1.0
11937.8819006 1.0
11937.9094007 0.0
11940.961918 0.0
11940.9894181 1.0
11941.9244234 1.0
11941.9519236 0.0
11943.6019329 0.0
11943.6294331 1.0
11947.506955 1.0
11947.5344552 0.0
11948.1669588 0.0
11948.1944589 1.0
11948.909463 1.0
11948.9369631 0.0
11949.4869662 0.0
11949.5144664 1.0
11953.0894866 1.0
11953.1169868 0.0
11954.0244919 0.0
11954.0519921 1.0
11959.4970229 1.0
11959.5245231 0.0
11960.2670273 0.0
11960.2945274 1.0
11961.6970354 1.0
11961.7245355 0.0
11962.2470385 0.0
11962.2745386 1.0
11965.9320593 1.0
11965.9595595 0.0
11966.9770652 0.0
11967.0045654 1.0
11967.5270684 1.0
11967.5545685 0.0
11968.7645754 0.0
11968.7920755 1.0
11970.9645878 1.0
11970.992088 0.0
11971.9270933 0.0
11971.9545934 1.0
11978.0321278 1.0
11978.059628 0.0
11981.4971474 0.0
11981.5246476 1.0
11982.4046526 1.0
11982.4321527 0.0
11983.009656 0.0
11983.0371561 1.0
11983.8071605 1.0
11983.8346607 0.0
11983.9996616 0.0
11984.0271618 1.0
11993.7072165 1.0
11993.7347167 0.0
11996.0997301 0.0
11996.1272302 1.0
11998.4097432 1.0
11998.4372433 0.0
12000.3897544 0.0
12000.4172545 1.0
12002.9197687 1.0
12002.9472688 0.0
12003.6072726 0.0
12003.6347727 1.0
12005.6697843 1.0
12005.6972844 0.0
12006.4672888 0.0
12006.4947889 1.0
12015.4323395 1.0
12015.4598397 0.0
12016.3673448 0.0
12016.394845 1.0
12020.6848692 1.0
12020.7123694 0.0
12024.1498889 0.0
12024.177389 1.0
12024.8923931 1.0
12024.9198932 0.0
12025.3873959 0.0
12025.414896 1.0
12027.9449103 1.0
12027.9724105 0.0
12028.412413 0.0
12028.4399131 1.0
12029.2099175 1.0
12029.2374177 0.0
12029.4574189 0.0
12029.4849191 1.0
12031.6574313 1.0
12031.6849315 0.0
12032.1524342 0.0
12032.1799343 1.0
12045.2425082 1.0
12045.2700084 0.0
12045.8200115 0.0
12045.8475117 1.0
12046.8100171 1.0
12046.8375173 0.0
12047.4700209 0.0
12047.497521 1.0
12052.8325512 1.0
12052.8600514 0.0
12053.327554 0.0
12053.3550542 1.0
12054.1250585 1.0
12054.1525587 0.0
12054.4825605 0.0
12054.5100607 1.0
12056.16007 1.0
12056.1875702 0.0
12058.9100856 0.0
12058.9375858 1.0
12060.5600949 1.0
12060.5875951 0.0
12061.275099 0.0
12061.3025991 1.0
12062.0726035 1.0
12062.1001037 0.0
12063.6126122 0.0
12063.6401124 1.0
12067.2976331 1.0
12067.3251332 0.0
12068.9751426 0.0
12069.0026427 1.0
12076.0701827 1.0
12076.0976829 0.0
12077.9676935 0.0
12077.9951936 1.0
12078.9301989 1.0
12078.9576991 0.0
12079.3427013 0.0
12079.3702014 1.0
12083.1927231 1.0
12083.2202232 0.0
12084.3477296 0.0
12084.3752297 1.0
12086.0527392 1.0
12086.0802394 0.0
12086.19024 0.0
12086.2177402 1.0
12087.1527455 1.0
12087.1802456 0.0
12087.8677495 0.0
12087.8952497 1.0
12088.7752546 1.0
12088.8027548 0.0
12089.7377601 0.0
12089.7652603 1.0
12095.8702948 1.0
12095.897795 0.0
12098.1253076 0.0
12098.1528077 1.0
12101.3428258 1.0
12101.3703259 0.0
12102.6628333 0.0
12102.6903334 1.0
12103.4053375 1.0
12103.4328376 0.0
12104.2578423 0.0
12104.2853424 1.0
12104.9728463 1.0
12105.0003465 0.0
12106.6503558 0.0
12106.677856 1.0
12107.3653599 1.0
12107.39286 0.0
12109.8128737 0.0
12109.8403739 1.0
12117.7879189 1.0
12117.815419 0.0
12117.9254196 0.0
12117.9529198 1.0
12120.9229366 1.0
12120.9504368 0.0
12121.6104405 0.0
12121.6379407 1.0
12127.5779743 1.0
12127.6054744 0.0
12128.2104779 0.0
12128.237978 1.0
12128.7329808 1.0
12128.760481 0.0
12129.3104841 0.0
12129.3379842 1.0
12131.4279961 1.0
12131.4554962 0.0
12132.4180017 0.0
12132.4455018 1.0
12133.353007 1.0
12133.3805071 0.0
12137.1480284 0.0
12137.1755286 1.0
12145.0955734 1.0
12145.1230736 0.0
12145.1780739 0.0
12145.2055741 1.0
12146.7180826 1.0
12146.7455828 0.0
12147.3505862 0.0
12147.3780864 1.0
12150.678105 1.0
12150.7056052 0.0
12151.1181075 0.0
12151.1456077 1.0
12152.7131166 1.0
12152.7406167 0.0
12153.4281206 0.0
12153.4556208 1.0
12156.0131352 1.0
12156.0406354 0.0
12161.8981685 0.0
12161.9256687 1.0
12164.9506858 1.0
12164.978186 0.0
12165.8856911 0.0
12165.9131913 1.0
12170.8357191 1.0
12170.8632193 0.0
12176.7207524 0.0
12176.7482526 1.0
12177.353256 1.0
12177.3807562 0.0
12178.7007636 0.0
12178.7282638 1.0
12183.4032903 1.0
12183.4307904 0.0
12183.4582906 1.0
12184.1457945 1.0
12184.1732946 0.0
12184.2832952 0.0
12184.3107954 1.0
12184.9982993 1.0
12185.0257994 0.0
12185.1908004 0.0
12185.2183005 1.0
12185.9608047 1.0
12185.9883049 0.0
12186.2358063 0.0
12186.2633065 1.0
12187.0333108 1.0
12187.060811 0.0
12187.3908128 0.0
12187.418313 1.0
12188.2158175 1.0
12188.2433177 0.0
12188.3808184 0.0
12188.4083186 1.0
12192.4233413 1.0
12192.4508415 0.0
12192.7808433 0.0
12192.8083435 1.0
12194.6508539 1.0
12194.6783541 0.0
12194.7058542 1.0
12195.5583591 1.0
12195.5858592 0.0
12196.4933644 0.0
12196.5208645 1.0
12197.318369 1.0
12197.3458692 0.0
12198.1708739 0.0
12198.198374 1.0
12199.9308838 1.0
12199.958384 0.0
12200.3983865 0.0
12200.4258866 1.0
12201.1408907 1.0
12201.1683908 0.0
12201.5808932 0.0
12201.6083933 1.0
12204.4134092 1.0
12204.4409093 0.0
12204.7984114 0.0
12204.8259115 1.0
12205.3209143 1.0
12205.3484145 0.0
12206.3109199 0.0
12206.3384201 1.0
12207.2184251 1.0
12207.2459252 0.0
12208.263431 0.0
12208.2909311 1.0
12208.8409342 1.0
12208.8684344 0.0
12210.6834447 0.0
12210.7109448 1.0
12211.3434484 1.0
12211.3709486 0.0
12213.1309585 0.0
12213.1584587 1.0
12219.4834945 1.0
12219.5109946 0.0
12221.4635057 0.0
12221.4910058 1.0
12222.2885104 1.0
12222.3160105 0.0
12224.4335225 0.0
12224.4610227 1.0
12228.3660448 1.0
12228.3935449 0.0
12230.0985546 0.0
12230.1260547 1.0
12231.7210638 1.0
12231.7485639 0.0
12234.0310768 0.0
12234.058577 1.0
12238.5411024 1.0
12238.5686025 0.0
12240.9611161 0.0
12240.9886162 1.0
12241.7311204 1.0
12241.7586206 0.0
12242.0886224 0.0
12242.1161226 1.0
12243.601131 1.0
12243.6286312 0.0
12244.1511341 0.0
12244.1786343 1.0
12245.6636427 1.0
12245.6911428 0.0
12248.3311578 0.0
12248.3586579 1.0
12249.0186617 1.0
12249.0461618 0.0
12250.0911677 0.0
12250.1186679 1.0
12251.2186741 1.0
12251.2461743 0.0
12252.1536794 0.0
12252.1811796 1.0
12255.1786965 1.0
12255.2061967 0.0
12256.1137018 0.0
12256.141202 1.0
12256.7462054 1.0
12256.7737056 0.0
12260.0737242 0.0
12260.1012244 1.0
12261.4212319 1.0
12261.448732 0.0
12261.5037323 0.0
12261.5312325 1.0
12262.4112375 1.0
12262.4387376 0.0
12264.3362484 0.0
12264.3637485 1.0
12264.9137516 1.0
12264.9412518 0.0
12266.2887594 0.0
12266.3162596 1.0
12267.8562683 1.0
12267.8837684 0.0
12268.5987725 0.0
12268.6262726 1.0
12269.1762758 1.0
12269.2037759 0.0
12269.3687768 0.0
12269.396277 1.0
12271.9537915 1.0
12271.9812916 0.0
12272.8062963 0.0
12272.8337965 1.0
12274.8413078 1.0
12274.868808 0.0
12275.1163094 0.0
12275.1438095 1.0
12276.2438158 1.0
12276.2713159 0.0
12277.4813228 0.0
12277.5088229 1.0
12277.9488254 1.0
12277.9763256 0.0
12278.0863262 0.0
12278.1138263 1.0
12278.8563306 1.0
12278.8838307 0.0
12279.2413327 0.0
12279.2688329 1.0
12280.2863386 1.0
12280.3138388 0.0
12283.6963579 0.0
12283.7238581 1.0
12284.5488628 1.0
12284.5763629 0.0
12287.7938811 0.0
12287.8213813 1.0
12288.5363853 1.0
12288.5638855 0.0
12288.5913857 1.0
12289.9113931 1.0
12289.9388933 0.0
12293.4864134 0.0
12293.5139135 1.0
12294.1464171 1.0
12294.1739173 0.0
12294.5864196 0.0
12294.6139197 1.0
12296.2639291 1.0
12296.2914292 0.0
12300.3614523 0.0
12300.3889524 1.0
12301.9289611 1.0
12301.9564613 0.0
12303.0289674 0.0
12303.0564675 1.0
12303.8264719 1.0
12303.853972 0.0
12308.8040001 0.0
12308.8315002 1.0
12309.5190041 1.0
12309.5465043 0.0
12311.9940181 0.0
12312.0215183 1.0
12312.9015233 1.0
12312.9290234 0.0
12314.3315313 0.0
12314.3590315 1.0
12314.9090346 1.0
12314.9365348 0.0
12317.1090471 0.0
12317.1365472 1.0
12318.5665553 1.0
12318.5940555 0.0
12325.8540966 0.0
12325.8815967 1.0
12327.3666051 1.0
12327.3941053 0.0
12327.6416067 0.0
12327.6691068 1.0
12328.8241134 1.0
12328.8516135 0.0
12330.3091218 0.0
12330.3366219 1.0
12331.1616266 1.0
12331.1891268 0.0
12331.7941302 0.0
12331.8216303 1.0
12332.6741352 1.0
12332.7016353 0.0
12332.7566356 0.0
12332.7841358 1.0
12333.3341389 1.0
12333.3616391 0.0
12333.3891392 0.0
12333.4166394 1.0
12334.5716459 1.0
12334.5991461 0.0
12334.6816465 0.0
12334.7091467 1.0
12335.3691504 1.0
12335.3966506 0.0
12344.7467035 0.0
12344.7742037 1.0
12345.3792071 1.0
12345.4067072 0.0
12348.1292227 0.0
12348.1567228 1.0
12348.7067259 1.0
12348.7342261 0.0
12350.9067384 0.0
12350.9342385 1.0
12351.6492426 1.0
12351.6767427 0.0
12352.1442454 0.0
12352.1717455 1.0
12353.2717518 1.0
12353.2992519 0.0
12354.72926 0.0
12354.7567602 1.0
12355.4442641 1.0
12355.4717642 0.0
12357.8367776 0.0
12357.8642778 1.0
12358.4967813 1.0
12358.5242815 0.0
12366.4993266 0.0
12366.5268268 1.0
12367.7093335 1.0
12367.7368336 0.0
12369.0018408 0.0
12369.0293409 1.0
12369.7168448 1.0
12369.744345 0.0
12371.5318551 0.0
12371.5593553 1.0
12372.2468592 1.0
12372.2743593 0.0
12380.166904 0.0
12380.1944041 1.0
12380.7719074 1.0
12380.7994076 0.0
12385.8044359 0.0
12385.8319361 1.0
12386.6569407 1.0
12386.6844409 0.0
12404.6695427 0.0
12404.6970428 1.0
12405.247046 1.0
12405.2745461 0.0
12406.4020525 0.0
12406.4295526 1.0
12407.1170565 1.0
12407.1445567 0.0
12409.8395719 0.0
12409.8670721 1.0
12410.6370765 1.0
12410.6645766 0.0
12439.0997376 0.0
12439.1272377 1.0
12439.5672402 1.0
12439.5947404 0.0
12442.7847584 0.0
12442.8122586 1.0
12443.4997625 1.0
12443.5272626 0.0
12452.7673149 0.0
12452.7948151 1.0
12453.2898179 1.0
12453.317318 0.0
12466.737394 0.0
12466.7648942 1.0
12467.3423974 1.0
12467.3698976 0.0
12480.6524728 0.0
12480.6799729 1.0
12481.7249788 1.0
12481.752479 0.0
12481.8899798 0.0
12481.9174799 1.0
12482.4949832 1.0
12482.5224833 0.0
12495.6950579 0.0
12495.7225581 1.0
12496.4650623 1.0
12496.4925624 0.0
12510.6551426 0.0
12510.6826427 1.0
12511.5351476 1.0
12511.5626477 0.0
12517.612682 0.0
12517.6401821 1.0
12518.1901852 1.0
12518.2176854 0.0
12525.917729 0.0
12525.9452291 1.0
12526.9352347 1.0
12526.9627349 0.0
12541.5103172 0.0
12541.5378174 1.0
12542.6928239 1.0
12542.7203241 0.0
12543.8203303 0.0
12543.8478305 1.0
12544.287833 1.0
12544.3153331 0.0
12554.1603888 0.0
12554.187889 1.0
12554.7653923 1.0
12554.7928924 0.0
12557.4054072 0.0
12557.4329074 1.0
12558.7529148 1.0
12558.780415 0.0
12559.3304181 0.0
12559.3579183 1.0
12559.8529211 1.0
12559.8804212 0.0
12562.7954377 0.0
12562.8229379 1.0
12563.2904405 1.0
12563.3179407 0.0
12573.630499 0.0
12573.6579992 1.0
12575.1430076 1.0
12575.1705078 0.0
12575.6380104 0.0
12575.6655106 1.0
12576.1605134 1.0
12576.1880135 0.0
12579.1580303 0.0
12579.1855305 1.0
12579.6805333 1.0
12579.7080334 0.0
12580.7805395 0.0
12580.8080397 1.0
12581.3580428 1.0
12581.3855429 0.0
12584.3005594 0.0
12584.3280596 1.0
12584.8780627 1.0
12584.9055629 0.0
12586.2255703 0.0
12586.2530705 1.0
12586.8855741 1.0
12586.9130742 0.0
12588.8930854 0.0
12588.9205856 1.0
12589.3880882 1.0
12589.4155884 0.0
12589.6905899 0.0
12589.7180901 1.0
12591.8356021 1.0
12591.8631022 0.0
12591.9181025 0.0
12591.9456027 1.0
12592.6881069 1.0
12592.7156071 0.0
12594.833119 0.0
12594.8606192 1.0
12596.1531265 1.0
12596.1806267 0.0
12597.9406366 0.0
12597.9681368 1.0
12598.8206416 1.0
12598.8481418 0.0
12601.3506559 0.0
12601.3781561 1.0
12602.2581611 1.0
12602.2856612 0.0
12604.183172 0.0
12604.2106721 1.0
12605.2281779 1.0
12605.255678 0.0
12607.015688 0.0
12607.0431882 1.0
12608.9131987 1.0
12608.9406989 0.0
12609.7657036 0.0
12609.7932037 1.0
12610.2332062 1.0
12610.2607064 0.0
12610.728209 0.0
12610.7557092 1.0
12611.965716 1.0
12611.9932162 0.0
12614.0557279 0.0
12614.083228 1.0
12615.320735 1.0
12615.3482352 0.0
12615.4032355 0.0
12615.4307356 1.0
12615.8707381 1.0
12615.8982383 0.0
12617.5207475 0.0
12617.5482476 1.0
12618.9507556 1.0
12618.9782557 0.0
12620.8482663 0.0
12620.8757665 1.0
12622.3057746 1.0
12622.3332747 0.0
12622.8282775 0.0
12622.8557777 1.0
12623.2957802 1.0
12623.3232803 0.0
12624.1757851 0.0
12624.2032853 1.0
12626.8983005 1.0
12626.9258007 0.0
12627.8883061 0.0
12627.9158063 1.0
12630.2258194 1.0
12630.2533195 0.0
12631.2983255 0.0
12631.3258256 1.0
12633.8283398 1.0
12633.8558399 0.0
12634.3233426 0.0
12634.3508427 1.0
12634.7908452 1.0
12634.8183454 0.0
12635.2033476 0.0
12635.2308477 1.0
12637.40336 1.0
12637.4308602 0.0
12638.5033662 0.0
12638.5308664 1.0
12639.2183703 1.0
12639.2458704 0.0
12639.6308726 0.0
12639.6583728 1.0
12641.638384 1.0
12641.6658841 0.0
12641.7483846 0.0
12641.7758848 1.0
12644.9384027 1.0
12644.9659028 0.0
12647.5234173 0.0
12647.5509174 1.0
12649.6134291 1.0
12649.6409293 0.0
12650.7134353 0.0
12650.7409355 1.0
12652.940948 1.0
12652.9684481 0.0
12655.250961 0.0
12655.2784612 1.0
12655.7459638 1.0
12655.773464 0.0
12655.8834646 0.0
12655.9109648 1.0
12657.890976 1.0
12657.9184761 0.0
12658.8534814 0.0
12658.8809816 1.0
12661.7134976 1.0
12661.7409978 0.0
12663.1710059 0.0
12663.198506 1.0
12663.6660087 1.0
12663.6935088 0.0
12664.1060111 0.0
12664.1335113 1.0
12666.3885241 1.0
12666.4160242 0.0
12667.1860286 0.0
12667.2135287 1.0
12669.7435431 1.0
12669.7710432 0.0
12670.2110457 0.0
12670.2385459 1.0
12671.2835518 1.0
12671.3110519 0.0
12671.3385521 0.0
12671.3660522 1.0
12671.8335549 1.0
12671.861055 0.0
12673.6760653 0.0
12673.7035655 1.0
12675.4085751 1.0
12675.4360753 0.0
12675.5185757 0.0
12675.5460759 1.0
12676.0135785 1.0
12676.0410787 0.0
12676.2610799 0.0
12676.2885801 1.0
12678.5435929 1.0
12678.571093 0.0
12681.4311092 0.0
12681.4586094 1.0
12699.3062104 1.0
12699.3337105 0.0
12699.9937143 0.0
12700.0212144 1.0
12701.8637249 1.0
12701.891225 0.0
12702.9637311 0.0
12702.9912312 1.0
12704.8337417 1.0
12704.8612418 0.0
12705.6862465 0.0
12705.7137467 1.0
12708.5187625 1.0
12708.5462627 0.0
12709.5362683 0.0
12709.5637685 1.0
12711.2687781 1.0
12711.2962783 0.0
12711.5162795 0.0
12711.5437797 1.0
12712.0112823 1.0
12712.0387825 0.0
12712.6162857 0.0
12712.6437859 1.0
12713.7437921 1.0
12713.7712923 0.0
12714.3212954 0.0
12714.3487955 1.0
12714.8712985 1.0
12714.8987986 0.0
12715.9988049 0.0
12716.026305 1.0
12718.143817 1.0
12718.1713172 0.0
12718.3638183 0.0
12718.3913184 1.0
12718.8588211 1.0
12718.8863212 0.0
12719.4363243 0.0
12719.4638245 1.0
12721.3063349 1.0
12721.3338351 0.0
12721.9663387 0.0
12721.9938388 1.0
12723.0113446 1.0
12723.0388447 0.0
12723.8088491 0.0
12723.8363492 1.0
12724.4138525 1.0
12724.4413527 0.0
12724.8263548 0.0
12724.853855 1.0
12726.1738625 1.0
12726.2013626 0.0
12726.448864 0.0
12726.4763642 1.0
12729.0613788 1.0
12729.088879 0.0
12729.6938824 0.0
12729.7213825 1.0
12731.3438917 1.0
12731.3713919 0.0
12736.2939197 0.0
12736.3214199 1.0
12738.7964339 1.0
12738.8239341 0.0
12740.2539422 0.0
12740.2814423 1.0
12741.8764513 1.0
12741.9039515 0.0
12743.938963 0.0
12743.9664632 1.0
12745.2589705 1.0
12745.2864706 0.0
12747.9264856 0.0
12747.9539857 1.0
12750.0164974 1.0
12750.0439976 0.0
12751.0340032 0.0
12751.0615033 1.0
12752.6015121 1.0
12752.6290122 0.0
12759.1740493 0.0
12759.2015494 1.0
12760.5765572 1.0
12760.6040573 0.0
12762.2815668 0.0
12762.309067 1.0
12764.8390813 1.0
12764.8665815 0.0
12769.6241084 0.0
12769.6516086 1.0
12771.9066213 1.0
12771.9341215 0.0
12773.6941314 0.0
12773.7216316 1.0
12774.849138 1.0
12774.8766381 0.0
12782.3566805 0.0
12782.3841806 1.0
12784.6941937 1.0
12784.7216939 0.0
12785.4091978 0.0
12785.4366979 1.0
12786.3992034 1.0
12786.4267035 0.0
12790.3042255 0.0
12790.3317256 1.0
12790.8267284 1.0
12790.8542286 0.0
12792.3667371 0.0
12792.3942373 1.0
12793.6867446 1.0
12793.7142448 0.0
12794.3467483 0.0
12794.3742485 1.0
12795.2542535 1.0
12795.2817536 0.0
12796.3817599 0.0
12796.40926 1.0
12798.2242703 1.0
12798.2517704 0.0
12798.7192731 0.0
12798.7467732 1.0
12800.3417823 1.0
12800.3692824 0.0
12803.6693011 0.0
12803.6968013 1.0
12805.0443089 1.0
12805.071809 0.0
12806.6118178 0.0
12806.6393179 1.0
12807.3818221 1.0
12807.4093223 0.0
12807.7393241 0.0
12807.7668243 1.0
12809.0868318 1.0
12809.1143319 0.0
12809.5818346 0.0
12809.6093347 1.0
12810.3243388 1.0
12810.3518389 0.0
12812.6893522 0.0
12812.7168523 1.0
12813.2118551 1.0
12813.2393553 0.0
12819.1243886 0.0
12819.1518887 1.0
12819.7843923 1.0
12819.8118925 0.0
12820.1418943 0.0
12820.1693945 1.0
12820.8843986 1.0
12820.9118987 0.0
12822.0944054 0.0
12822.1219056 1.0
12822.726909 1.0
12822.7544091 0.0
12824.2119174 0.0
12824.2394175 1.0
12825.2844235 1.0
12825.3119236 0.0
12830.9219554 0.0
12830.9494555 1.0
12832.4894642 1.0
12832.5169644 0.0
12833.3144689 0.0
12833.3419691 1.0
12833.864472 1.0
12833.8919722 0.0
12834.8544776 0.0
12834.8819778 1.0
12835.4044807 1.0
12835.4319809 0.0
12836.8344888 0.0
12836.861989 1.0
12837.4394923 1.0
12837.4669924 0.0
12841.4270148 0.0
12841.454515 1.0
12842.4445206 1.0
12842.4720207 0.0
12844.8920344 0.0
12844.9195346 1.0
12846.8995458 1.0
12846.927046 0.0
12847.8620512 0.0
12847.8895514 1.0
12848.3845542 1.0
12848.4120544 0.0
12849.9245629 0.0
12849.9520631 1.0
12850.4195657 1.0
12850.4470659 0.0
12850.6670671 0.0
12850.6945673 1.0
12851.354571 1.0
12851.3820712 0.0
12861.6396292 0.0
12861.6671294 1.0
12862.2171325 1.0
12862.2446327 0.0
12863.6196404 0.0
12863.6471406 1.0
12864.2246439 1.0
12864.252144 0.0
12864.2796442 0.0
12864.3071443 1.0
12864.8846476 1.0
12864.9121478 0.0
12866.2321552 0.0
12866.2596554 1.0
12867.6896635 1.0
12867.7171636 0.0
12868.84467 0.0
12868.8721702 1.0
12869.5046738 1.0
12869.5321739 0.0
12870.7421808 0.0
12870.7696809 1.0
12871.319684 1.0
12871.3471842 0.0
12871.9246874 0.0
12871.9521876 1.0
12873.5196965 1.0
12873.5471966 0.0
12880.0372334 0.0
12880.0647335 1.0
12881.1922399 1.0
12881.2197401 0.0
12881.4672415 0.0
12881.4947416 1.0
12883.4197525 1.0
12883.4472527 0.0
12883.5297531 0.0
12883.5572533 1.0
12884.1072564 1.0
12884.1347566 0.0
12884.4647584 0.0
12884.4922586 1.0
12886.1697681 1.0
12886.1972682 0.0
12887.6272763 0.0
12887.6547765 1.0
12890.04729 1.0
12890.0747902 0.0
12890.4597924 0.0
12890.4872925 1.0
12891.449798 1.0
12891.4772981 0.0
12892.7148051 0.0
12892.7423053 1.0
12894.0348126 1.0
12894.0623128 0.0
12899.8098453 0.0
12899.8373454 1.0
12901.0473523 1.0
12901.0748524 0.0
12901.9548574 0.0
12901.9823576 1.0
12903.3023651 1.0
12903.3298652 0.0
12904.0723694 0.0
12904.0998696 1.0
12904.5673722 1.0
12904.5948724 0.0
12905.1998758 0.0
12905.227376 1.0
12905.8873797 1.0
12905.9148798 0.0
12906.2448817 0.0
12906.2723819 1.0
12906.7123844 1.0
12906.7398845 0.0
12908.4448942 0.0
12908.4723943 1.0
12908.9123968 1.0
12908.939897 0.0
12909.4623999 0.0
12909.4899001 1.0
12910.0949035 1.0
12910.1224037 0.0
12910.1499038 1.0
12911.1674096 1.0
12911.1949097 0.0
12912.9549197 0.0
12912.9824198 1.0
12913.4499225 1.0
12913.4774226 0.0
12915.2924329 0.0
12915.3199331 1.0
12915.7874357 1.0
12915.8149359 0.0
12915.8699362 0.0
12915.8974363 1.0
12919.4724566 1.0
12919.4999567 0.0
12919.719958 0.0
12919.7474581 1.0
12921.3974675 1.0
12921.4249676 0.0
12921.6174687 0.0
12921.6449689 1.0
12923.789981 1.0
12923.8174812 0.0
12924.5599854 0.0
12924.5874855 1.0
12925.1099885 1.0
12925.1374886 0.0
12925.5774911 0.0
12925.6049913 1.0
12927.8600041 1.0
12927.8875042 0.0
12929.4275129 0.0
12929.4550131 1.0
12930.4725188 1.0
12930.500019 0.0
12931.5175248 0.0
12931.5450249 1.0
12932.095028 1.0
12932.1225282 0.0
12937.925061 0.0
12937.9525612 1.0
12939.1075677 1.0
12939.1350679 0.0
12939.4375696 0.0
12939.4650697 1.0
12940.2900744 1.0
12940.3175746 0.0
12940.7850772 0.0
12940.8125774 1.0
12941.8300831 1.0
12941.8575833 0.0
12942.4625867 0.0
12942.4900869 1.0
12942.9575895 1.0
12942.9850897 0.0
12945.2951027 0.0
12945.3226029 1.0
12946.9451121 1.0
12946.9726122 0.0
12947.5776157 0.0
12947.6051158 1.0
12948.7326222 1.0
12948.7601224 0.0
12949.2001248 0.0
12949.227625 1.0
12950.3551314 1.0
12950.3826315 0.0
12950.6576331 0.0
12950.6851333 1.0
12951.9501404 1.0
12951.9776406 0.0
12953.0776468 0.0
12953.1051469 1.0
12953.6551501 1.0
12953.6826502 0.0
12953.8751513 0.0
12953.9026515 1.0
12959.7601846 1.0
12959.7876848 0.0
12960.2001871 0.0
12960.2276873 1.0
12960.6676898 1.0
12960.6951899 0.0
12961.3001933 0.0
12961.3276935 1.0
12962.5652005 1.0
12962.5927007 0.0
12963.3077047 0.0
12963.3352049 1.0
12964.957714 1.0
12964.9852142 0.0
12965.7552186 0.0
12965.7827187 1.0
12967.240227 1.0
12967.2677271 0.0
12967.7077296 0.0
12967.7352298 1.0
12968.7527355 1.0
12968.7802357 0.0
12968.8627361 0.0
12968.8902363 1.0
12970.3202444 1.0
12970.3477445 0.0
12971.5852516 0.0
12971.6127517 1.0
12975.6552746 1.0
12975.6827747 0.0
12976.5902799 0.0
12976.61778 1.0
12977.4152845 1.0
12977.4427847 0.0
12978.0477881 0.0
12978.0752883 1.0
12980.3578012 1.0
12980.3853014 0.0
12981.9528102 0.0
12981.9803104 1.0
12983.492819 1.0
12983.5203191 0.0
12985.1703284 0.0
12985.1978286 1.0
12985.967833 1.0
12985.9953331 0.0
12991.7428656 0.0
12991.7703658 1.0
12992.4853698 1.0
12992.51287 0.0
12993.5303758 0.0
12993.5578759 1.0
12996.3628918 1.0
12996.390392 0.0
12996.6103932 0.0
12996.6378934 1.0
12998.3979033 1.0
12998.4254035 0.0
12999.9104119 0.0
12999.937912 1.0
13001.175419 1.0
13001.2029192 0.0
13002.9079288 0.0
13002.935429 1.0
13008.0229578 1.0
13008.050458 0.0
13008.2979594 0.0
13008.3254595 1.0
13014.4854944 1.0
13014.5129945 0.0
13016.9880085 0.0
13017.0155087 1.0
13018.0605146 1.0
13018.0880148 0.0
13018.1705152 0.0
13018.1980154 1.0
13018.6930182 1.0
13018.7205183 0.0
13019.2430213 0.0
13019.2705215 1.0
13019.9580254 1.0
13019.9855255 0.0
13022.020537 0.0
13022.0480372 1.0
13024.3580503 1.0
13024.3855504 0.0
13026.6955635 0.0
13026.7230636 1.0
13029.6930805 1.0
13029.7205806 0.0
13032.2780951 0.0
13032.3055952 1.0
13033.1305999 1.0
13033.1581001 0.0
13033.1856002 0.0
13033.2131004 1.0
13036.5681194 1.0
13036.5956195 0.0
13038.5756307 0.0
13038.6031309 1.0
13046.5506759 1.0
13046.578176 0.0
13048.9981897 0.0
13049.0256899 1.0
13050.2631969 1.0
13050.290697 0.0
13053.7557167 0.0
13053.7832168 1.0
13057.523238 1.0
13057.5507381 0.0
13057.5782383 0.0
13057.6057384 1.0
13059.3932486 1.0
13059.4207487 0.0
13063.2157702 0.0
13063.2432704 1.0
13075.0408371 1.0
13075.0683373 0.0
13076.3058443 0.0
13076.3333444 1.0
13076.9108477 1.0
13076.9383479 0.0
13078.3408558 0.0
13078.368356 1.0
13084.0058879 1.0
13084.033388 0.0
13085.0508938 0.0
13085.0783939 1.0
13086.2884008 1.0
13086.315901 0.0
13086.9484045 0.0
13086.9759047 1.0
13088.6534142 1.0
13088.6809143 0.0
13089.0659165 0.0
13089.0934167 1.0
13092.9159383 1.0
13092.9434385 0.0
13093.3284406 0.0
13093.3559408 1.0
13112.4410488 1.0
13112.468549 0.0
13112.5785496 0.0
13112.6060498 1.0
13113.3210538 1.0
13113.348554 0.0
13113.6785558 0.0
13113.706056 1.0
13114.42106 1.0
13114.4485602 0.0
13114.5585608 0.0
13114.586061 1.0
13115.658567 1.0
13115.6860672 0.0
13119.2335873 0.0
13119.2610874 1.0
13163.7288391 1.0
13163.7563393 0.0
13163.9763405 0.0
13164.0038407 1.0
13165.3238482 1.0
13165.3513483 0.0
13165.8463511 0.0
13165.8738513 1.0
13174.7014012 1.0
13174.7289014 0.0
13176.7914131 0.0
13176.8189132 1.0
13177.6164177 1.0
13177.6439179 0.0
13178.6064233 0.0
13178.6339235 1.0
13247.631814 1.0
13247.6593142 0.0
13248.7593204 0.0
13248.7868206 1.0
13499.9732423 1.0
13500.0007425 1.0
