7999.99711125 1.0
8001.7021209 1.0
8001.72962106 0.0
8001.89462199 0.0
8001.92212215 1.0
8003.8746332 1.0
8003.90213336 0.0
8005.11214021 0.0
8005.13964036 1.0
8006.01964534 1.0
8006.0471455 0.0
8006.07464565 1.0
8007.50465375 1.0
8007.5321539 0.0
8008.52215951 0.0
8008.54965966 1.0
8010.47467056 1.0
8010.50217071 0.0
8012.6196827 0.0
8012.64718286 1.0
8013.49968768 1.0
8013.52718784 0.0
8014.10469111 0.0
8014.13219126 1.0
8017.26720901 1.0
8017.29470916 0.0
8017.54221056 0.0
8017.56971072 1.0
8019.02721897 1.0
8019.05471912 0.0
8019.24722021 0.0
8019.27472037 1.0
8020.8697294 1.0
8020.89722955 0.0
8022.1072364 0.0
8022.13473656 1.0
8023.39974372 1.0
8023.42724387 0.0
8023.83974621 0.0
8023.86724636 1.0
8026.80976302 1.0
8026.83726317 0.0
8026.86476333 1.0
8028.65227345 1.0
8028.6797736 0.0
8028.70727376 0.0
8028.73477391 1.0
8032.11729306 1.0
8032.14479322 0.0
8033.05229835 0.0
8033.07979851 1.0
8033.84980287 1.0
8033.87730302 0.0
8033.95980349 0.0
8033.98730365 1.0
8034.5098066 1.0
8034.53730676 0.0
8035.36231143 0.0
8035.38981158 1.0
8037.9198259 1.0
8037.94732606 0.0
8038.13982715 0.0
8038.16732731 1.0
8039.18483306 1.0
8039.21233322 0.0
8039.76233633 0.0
8039.78983649 1.0
8040.42234007 1.0
8040.44984022 0.0
8041.35734536 0.0
8041.38484552 1.0
8042.2648505 1.0
8042.29235065 0.0
8042.95235439 0.0
8042.97985455 1.0
8043.52985766 1.0
8043.55735781 0.0
8043.7498589 0.0
8043.77735906 1.0
8047.04987758 1.0
8047.07737774 0.0
8047.21487852 0.0
8047.24237867 1.0
8049.02988879 1.0
8049.05738895 0.0
8050.78989875 0.0
8050.81739891 1.0
8051.55990311 1.0
8051.58740327 0.0
8052.27490716 0.0
8052.30240731 1.0
8052.76990996 1.0
8052.79741011 0.0
8054.25491836 0.0
8054.28241852 1.0
8055.73992677 1.0
8055.76742693 0.0
8056.20742942 0.0
8056.23492957 1.0
8057.41743627 1.0
8057.44493642 0.0
8057.99493953 0.0
8058.02243969 1.0
8058.51744249 1.0
8058.54494265 0.0
8058.59994296 0.0
8058.62744311 1.0
8059.14994607 1.0
8059.17744623 0.0
8060.68995479 0.0
8060.71745494 1.0
8061.32245837 1.0
8061.34995852 0.0
8061.37745868 0.0
8061.40495884 1.0
8062.09246273 1.0
8062.11996288 0.0
8062.17496319 0.0
8062.20246335 1.0
8062.80746677 1.0
8062.83496693 0.0
8063.98997347 0.0
8064.01747362 1.0
8065.91498436 1.0
8065.94248452 0.0
8067.09749106 0.0
8067.12499121 1.0
8068.36249822 1.0
8068.38999837 0.0
8069.60000522 0.0
8069.62750538 1.0
8070.39750974 1.0
8070.42500989 0.0
8070.4800102 0.0
8070.50751036 1.0
8071.05751347 1.0
8071.08501363 0.0
8071.27751472 0.0
8071.30501487 1.0
8073.6425281 1.0
8073.67002826 0.0
8074.35753215 0.0
8074.38503231 1.0
8074.85253495 1.0
8074.88003511 0.0
8076.61254491 0.0
8076.64004507 1.0
8077.27254865 1.0
8077.30004881 0.0
8077.35504912 0.0
8077.38254927 1.0
8078.84005752 1.0
8078.86755768 0.0
8078.9775583 0.0
8079.00505846 1.0
8079.4725611 1.0
8079.50006126 0.0
8080.35256608 0.0
8080.38006624 1.0
8081.09507029 1.0
8081.12257044 0.0
8081.1500706 1.0
8082.1400762 1.0
8082.16757636 0.0
8082.22257667 0.0
8082.25007682 1.0
8082.8825804 1.0
8082.91008056 0.0
8082.93758071 1.0
8084.64259037 1.0
8084.67009052 0.0
8084.83509146 0.0
8084.86259161 1.0
8085.49509519 1.0
8085.52259535 0.0
8086.51260095 0.0
8086.54010111 1.0
8088.32761122 1.0
8088.35511138 0.0
8088.41011169 0.0
8088.43761185 1.0
8088.90511449 1.0
8088.93261465 0.0
8089.15261589 0.0
8089.18011605 1.0
8090.33512259 1.0
8090.36262274 0.0
8090.47262336 0.0
8090.50012352 1.0
8091.18762741 1.0
8091.21512757 0.0
8091.27012788 0.0
8091.29762803 1.0
8091.76513068 1.0
8091.79263084 0.0
8092.23263333 0.0
8092.26013348 1.0
8093.69014158 1.0
8093.71764173 0.0
8093.77264204 0.0
8093.8001422 1.0
8094.5426464 1.0
8094.57014656 0.0
8094.73514749 0.0
8094.76264765 1.0
8097.92516555 1.0
8097.9526657 0.0
8097.98016586 1.0
8099.30017333 1.0
8099.32767349 0.0
8099.35517364 0.0
8099.3826738 1.0
8100.125178 1.0
8100.15267816 0.0
8100.20767847 0.0
8100.23517862 1.0
8102.24268999 1.0
8102.27019014 0.0
8102.98519419 0.0
8103.01269434 1.0
8104.82770462 1.0
8104.85520477 0.0
8104.9652054 0.0
8104.99270555 1.0
8105.87271053 1.0
8105.90021069 0.0
8106.53271427 0.0
8106.56021442 1.0
8107.46771956 1.0
8107.49521972 0.0
8107.79772143 0.0
8107.82522158 1.0
8109.00772828 1.0
8109.03522843 0.0
8109.06272859 1.0
8111.67524338 1.0
8111.70274353 0.0
8111.73024369 1.0
8113.79275536 1.0
8113.82025552 0.0
8113.93025614 0.0
8113.9577563 1.0
8117.50527638 1.0
8117.53277653 0.0
8117.89027855 0.0
8117.91777871 1.0
8118.46778182 1.0
8118.49528198 0.0
8118.66028291 0.0
8118.68778307 1.0
8119.23778618 1.0
8119.26528634 0.0
8119.29278649 1.0
8119.7877893 1.0
8119.81528945 0.0
8119.89778992 0.0
8119.92529007 1.0
8121.65779988 1.0
8121.68530004 0.0
8121.87780113 0.0
8121.90530128 1.0
8128.17533677 1.0
8128.20283693 0.0
8128.28533739 0.0
8128.31283755 1.0
8129.74284564 1.0
8129.7703458 0.0
8131.55785592 0.0
8131.58535607 1.0
8140.30290542 1.0
8140.33040557 0.0
8140.55040682 0.0
8140.57790697 1.0
8153.06297764 1.0
8153.0904778 0.0
8153.20047842 0.0
8153.22797857 1.0
8197.3657284 1.0
8197.39322856 0.0
8197.77823074 0.0
8197.80573089 1.0
8204.90077105 1.0
8204.92827121 0.0
8205.20327277 0.0
8205.23077292 1.0
8205.69827557 1.0
8205.72577572 0.0
8206.49578008 0.0
8206.52328024 1.0
8207.62328646 1.0
8207.65078662 0.0
8208.72329269 0.0
8208.75079285 1.0
8209.30079596 1.0
8209.32829611 0.0
8210.67580374 0.0
8210.7033039 1.0
8215.32333005 1.0
8215.3508302 0.0
8215.62583176 0.0
8215.65333192 1.0
8217.7708439 1.0
8217.79834406 0.0
8218.18334624 0.0
8218.21084639 1.0
8222.28086943 1.0
8222.30836958 0.0
8222.52837083 0.0
8222.55587099 1.0
8247.69101326 1.0
8247.71851341 0.0
8248.43351746 0.0
8248.46101761 1.0
8249.588524 1.0
8249.61602415 0.0
8249.86352555 0.0
8249.89102571 1.0
8250.44102882 1.0
8250.46852898 0.0
8250.5785296 0.0
8250.60602976 1.0
8251.37603411 1.0
8251.40353427 0.0
8251.51353489 0.0
8251.54103505 1.0
8252.17353863 1.0
8252.20103878 0.0
8252.36603972 0.0
8252.39353987 1.0
8253.13604408 1.0
8253.16354423 0.0
8253.54854641 0.0
8253.57604657 1.0
8268.20612938 1.0
8268.23362953 0.0
8268.5636314 0.0
8268.59113156 1.0
8269.58113716 1.0
8269.60863731 0.0
8270.43364198 0.0
8270.46114214 1.0
8271.91865039 1.0
8271.94615055 0.0
8272.2211521 0.0
8272.24865226 1.0
8286.08123055 1.0
8286.10873071 0.0
8286.43873258 0.0
8286.46623273 1.0
8287.043736 1.0
8287.07123616 0.0
8287.26373725 0.0
8287.2912374 1.0
8287.95124114 1.0
8287.97874129 0.0
8288.11624207 0.0
8288.14374223 1.0
8294.22127663 1.0
8294.24877678 0.0
8295.12878176 0.0
8295.15628192 1.0
8299.33630558 1.0
8299.36380574 0.0
8299.66630745 0.0
8299.6938076 1.0
8310.30886769 1.0
8310.33636784 0.0
8310.52886893 0.0
8310.55636909 1.0
8311.32637345 1.0
8311.3538736 0.0
8311.601375 0.0
8311.62887516 1.0
8317.21140676 1.0
8317.23890691 0.0
8317.29390722 0.0
8317.32140738 1.0
8321.7764326 1.0
8321.80393275 0.0
8322.07893431 0.0
8322.10643446 1.0
8325.46145345 1.0
8325.48895361 0.0
8326.34145844 0.0
8326.36895859 1.0
8327.11146279 1.0
8327.13896295 0.0
8327.33146404 0.0
8327.35896419 1.0
8330.05397945 1.0
8330.0814796 0.0
8330.27398069 0.0
8330.30148085 1.0
8333.16149704 1.0
8333.18899719 0.0
8333.21649735 1.0
8333.82150077 1.0
8333.84900093 0.0
8333.87650109 0.0
8333.90400124 1.0
8338.8265291 1.0
8338.85402926 0.0
8339.21153128 0.0
8339.23903144 1.0
8342.40154934 1.0
8342.42904949 0.0
8343.30905448 0.0
8343.33655463 1.0
8345.1515649 1.0
8345.17906506 0.0
8345.8390688 0.0
8345.86656895 1.0
8347.35157736 1.0
8347.37907751 0.0
8347.98408094 0.0
8348.01158109 1.0
8349.02908685 1.0
8349.05658701 0.0
8349.22158794 0.0
8349.2490881 1.0
8350.40409464 1.0
8350.43159479 0.0
8350.81659697 0.0
8350.84409713 1.0
8352.60410709 1.0
8352.63160724 0.0
8352.79660818 0.0
8352.82410833 1.0
8353.59411269 1.0
8353.62161285 0.0
8354.19911612 0.0
8354.22661627 1.0
8357.55413511 1.0
8357.58163526 0.0
8358.02163775 0.0
8358.04913791 1.0
8358.4891404 1.0
8358.51664055 0.0
8358.57164087 0.0
8358.59914102 1.0
8360.33165083 1.0
8360.35915098 0.0
8361.37665674 0.0
8361.4041569 1.0
8362.28416188 1.0
8362.31166203 0.0
8363.35666795 0.0
8363.38416811 1.0
8365.74918149 1.0
8365.77668165 0.0
8366.76668725 0.0
8366.79418741 1.0
8367.7291927 1.0
8367.75669285 0.0
8368.03169441 0.0
8368.05919457 1.0
8370.25920702 1.0
8370.28670718 0.0
8371.00171122 0.0
8371.02921138 1.0
8372.34921885 1.0
8372.376719 0.0
8372.40421916 1.0
8373.75172679 1.0
8373.77922694 0.0
8374.21922943 0.0
8374.24672959 1.0
8377.32674702 1.0
8377.35424718 0.0
8377.68424905 0.0
8377.7117492 1.0
8380.81926679 1.0
8380.84676695 0.0
8380.95676757 0.0
8380.98426773 1.0
8381.58927115 1.0
8381.61677131 0.0
8383.37678127 0.0
8383.40428142 1.0
8384.09178531 1.0
8384.11928547 0.0
8384.2842864 0.0
8384.31178656 1.0
8385.27429201 1.0
8385.30179216 0.0
8385.65929419 0.0
8385.68679434 1.0
8389.59181645 1.0
8389.6193166 0.0
8389.64681676 0.0
8389.67431691 1.0
8392.17683108 1.0
8392.20433123 0.0
8395.66935085 0.0
8395.696851 1.0
8397.56686159 1.0
8397.59436174 0.0
8397.81436299 0.0
8397.84186314 1.0
8400.31687715 1.0
8400.34437731 0.0
8400.37187746 1.0
8400.81187995 1.0
8400.83938011 0.0
8401.88438602 0.0
8401.91188618 1.0
8403.34189427 1.0
8403.36939443 0.0
8404.99190361 0.0
8405.01940377 1.0
8405.65190735 1.0
8405.67940751 0.0
8406.09190984 0.0
8406.11941 1.0
8406.83441404 1.0
8406.8619142 0.0
8407.02691513 0.0
8407.05441529 1.0
8408.29192229 1.0
8408.31942245 0.0
8408.89692572 0.0
8408.92442587 1.0
8409.36442836 1.0
8409.39192852 0.0
8410.13443272 0.0
8410.16193288 1.0
8412.4444458 1.0
8412.47194595 0.0
8412.96694875 0.0
8412.99444891 1.0
8413.76445327 1.0
8413.79195342 0.0
8416.12946666 0.0
8416.15696681 1.0
8416.92697117 1.0
8416.95447132 0.0
8417.14697241 0.0
8417.17447257 1.0
8418.30197895 1.0
8418.32947911 0.0
8418.68698113 0.0
8418.71448129 1.0
8421.35449623 1.0
8421.38199639 0.0
8422.59200323 0.0
8422.61950339 1.0
8423.14200635 1.0
8423.1695065 0.0
8427.98203374 0.0
8428.0095339 1.0
8428.47703655 1.0
8428.5045367 0.0
8428.83453857 0.0
8428.86203872 1.0
8429.41204184 1.0
8429.43954199 0.0
8429.74204371 0.0
8429.76954386 1.0
8431.03455102 1.0
8431.06205118 0.0
8431.44705336 0.0
8431.47455351 1.0
8432.60205989 1.0
8432.62956005 0.0
8432.65706021 1.0
8433.67456596 1.0
8433.70206612 0.0
8434.44457032 0.0
8434.47207048 1.0
8435.40707577 1.0
8435.43457593 0.0
8436.09457966 0.0
8436.12207982 1.0
8437.41458713 1.0
8437.44208729 0.0
8437.88208978 0.0
8437.90958994 1.0
8439.22959741 1.0
8439.25709756 0.0
8439.53209912 0.0
8439.55959928 1.0
8440.74210597 1.0
8440.76960612 0.0
8441.92461266 0.0
8441.95211282 1.0
8442.55711624 1.0
8442.5846164 0.0
8442.72211718 0.0
8442.74961733 1.0
8443.46462138 1.0
8443.49212153 0.0
8444.34462636 0.0
8444.37212652 1.0
8445.19713118 1.0
8445.22463134 0.0
8446.70963975 0.0
8446.7371399 1.0
8447.4796441 1.0
8447.50714426 0.0
8448.13964784 0.0
8448.167148 1.0
8448.79965158 1.0
8448.82715173 0.0
8449.45965531 0.0
8449.48715547 1.0
8449.95465811 1.0
8449.98215827 0.0
8450.61466185 0.0
8450.642162 1.0
8451.0821645 1.0
8451.10966465 0.0
8452.0721701 0.0
8452.09967025 1.0
8452.67717352 1.0
8452.70467368 0.0
8452.75967399 0.0
8452.78717415 1.0
8453.33717726 1.0
8453.36467741 0.0
8454.05218131 0.0
8454.07968146 1.0
8454.7396852 1.0
8454.76718535 0.0
8459.02970948 0.0
8459.05720964 1.0
8459.66221306 1.0
8459.68971322 0.0
8462.10972691 0.0
8462.13722707 1.0
8463.01723205 1.0
8463.04473221 0.0
8464.39223983 0.0
8464.41973999 1.0
8465.54724637 1.0
8465.57474653 0.0
8465.84974808 0.0
8465.87724824 1.0
8466.31725073 1.0
8466.34475088 0.0
8471.23977859 0.0
8471.26727875 1.0
8471.81728186 1.0
8471.84478202 0.0
8472.20228404 0.0
8472.2297842 1.0
8472.69728684 1.0
8472.724787 0.0
8475.6398035 0.0
8475.66730365 1.0
8476.16230645 1.0
8476.18980661 0.0
8476.3823077 0.0
8476.40980786 1.0
8477.01481128 1.0
8477.04231144 0.0
8479.95732794 0.0
8479.98482809 1.0
8480.67233198 1.0
8480.69983214 0.0
8480.89233323 0.0
8480.91983338 1.0
8481.4698365 1.0
8481.49733665 0.0
8481.77233821 0.0
8481.79983836 1.0
8483.17484615 1.0
8483.2023463 0.0
8484.46735346 0.0
8484.49485362 1.0
8485.07235689 1.0
8485.09985704 0.0
8488.81237806 0.0
8488.83987821 1.0
8489.63738273 1.0
8489.66488288 0.0
8490.32488662 0.0
8490.35238677 1.0
8490.92989004 1.0
8490.9573902 0.0
8493.70740576 0.0
8493.73490592 1.0
8494.44990997 1.0
8494.47741012 0.0
8495.76991744 0.0
8495.79741759 1.0
8496.42992117 1.0
8496.45742133 0.0
8498.46493269 0.0
8498.49243285 1.0
8499.59243907 1.0
8499.61993923 0.0
8501.87495199 0.0
8501.90245215 1.0
8502.56245589 1.0
8502.58995604 0.0
8504.43246647 0.0
8504.45996663 1.0
8504.95496943 1.0
8504.98246958 0.0
8505.11997036 0.0
8505.14747052 1.0
8505.80747425 1.0
8505.83497441 0.0
8507.78748546 0.0
8507.81498562 1.0
8508.55748982 1.0
8508.58498997 0.0
8511.74750787 0.0
8511.77500803 1.0
8512.32501114 1.0
8512.3525113 0.0
8513.75501924 0.0
8513.78251939 1.0
8515.07502671 1.0
8515.10252686 0.0
8515.2675278 0.0
8515.29502795 1.0
8515.87253122 1.0
8515.90003138 0.0
8518.04504352 0.0
8518.07254368 1.0
8518.6775471 1.0
8518.70504726 0.0
8518.81504788 0.0
8518.84254803 1.0
8519.36505099 1.0
8519.39255115 0.0
8521.53756329 0.0
8521.56506344 1.0
8522.39006811 1.0
8522.41756827 0.0
8524.70008119 0.0
8524.72758134 1.0
8525.71758695 1.0
8525.7450871 0.0
8526.81759317 0.0
8526.84509333 1.0
8527.39509644 1.0
8527.4225966 0.0
8528.33010174 0.0
8528.35760189 1.0
8528.99010547 1.0
8529.01760563 0.0
8531.93262213 0.0
8531.96012228 1.0
8532.56512571 1.0
8532.59262586 0.0
8533.55513131 0.0
8533.58263147 1.0
8534.16013474 1.0
8534.18763489 0.0
8536.74514937 0.0
8536.77264952 1.0
8537.48765357 1.0
8537.51515373 0.0
8538.47765917 0.0
8538.50515933 1.0
8539.330164 1.0
8539.35766415 0.0
8541.86017832 0.0
8541.88767847 1.0
8542.54768221 1.0
8542.57518237 0.0
8542.71268314 0.0
8542.7401833 1.0
8543.56518797 1.0
8543.59268813 0.0
8548.21271428 0.0
8548.24021443 1.0
8548.90021817 1.0
8548.92771832 0.0
8549.23022004 0.0
8549.25772019 1.0
8549.78022315 1.0
8549.8077233 0.0
8551.7327342 0.0
8551.76023436 1.0
8552.227737 1.0
8552.25523716 0.0
8552.4752384 0.0
8552.50273856 1.0
8553.02524152 1.0
8553.05274167 0.0
8555.74775693 0.0
8555.77525708 1.0
8556.46276097 1.0
8556.49026113 0.0
8556.98526393 0.0
8557.01276409 1.0
8557.64526767 1.0
8557.67276782 0.0
8558.08527016 0.0
8558.11277031 1.0
8558.93777498 1.0
8558.96527514 0.0
8560.61528448 0.0
8560.64278463 1.0
8561.16528759 1.0
8561.19278775 0.0
8564.41030596 0.0
8564.43780611 1.0
8565.01530938 1.0
8565.04280954 0.0
8570.79034207 0.0
8570.81784223 1.0
8571.39534549 1.0
8571.42284565 0.0
8572.6328525 0.0
8572.66035265 1.0
8574.28286184 1.0
8574.31036199 0.0
8575.13536666 0.0
8575.16286682 1.0
8575.76787024 1.0
8575.7953704 0.0
8576.0428718 0.0
8576.07037196 1.0
8576.56537476 1.0
8576.59287491 0.0
8577.74788145 0.0
8577.77538161 1.0
8578.57288612 1.0
8578.60038628 0.0
8583.30291289 0.0
8583.33041305 1.0
8583.85291601 1.0
8583.88041616 0.0
8589.13294589 0.0
8589.16044605 1.0
8589.60044854 1.0
8589.6279487 0.0
8592.37796426 0.0
8592.40546442 1.0
8592.95546753 1.0
8592.98296769 0.0
8593.20296893 0.0
8593.23046909 1.0
8593.83547251 1.0
8593.86297267 0.0
8594.68797734 0.0
8594.71547749 1.0
8595.18298014 1.0
8595.21048029 0.0
8597.1904915 0.0
8597.21799166 1.0
8597.65799415 1.0
8597.6854943 0.0
8607.77805143 0.0
8607.80555158 1.0
8608.30055439 1.0
8608.32805454 0.0
8611.65557338 0.0
8611.68307353 1.0
8612.12307602 1.0
8612.15057618 0.0
8612.56307851 0.0
8612.59057867 1.0
8613.08558147 1.0
8613.11308163 0.0
8628.48566864 0.0
8628.51316879 1.0
8628.98067144 1.0
8629.0081716 0.0
8737.71628691 0.0
8737.74378706 1.0
8738.21128971 1.0
8738.23878987 0.0
8760.5414161 0.0
8760.56891626 1.0
8761.06391906 1.0
8761.09141922 0.0
8772.14648179 0.0
8772.17398195 1.0
8772.61398444 1.0
8772.64148459 0.0
8782.26653907 0.0
8782.29403923 1.0
8782.84404234 1.0
8782.8715425 0.0
8784.6040523 0.0
8784.63155246 1.0
8785.09905511 1.0
8785.12655526 0.0
8787.024066 0.0
8787.05156616 1.0
8787.49156865 1.0
8787.5190688 0.0
8788.12407223 0.0
8788.15157238 1.0
8788.61907503 1.0
8788.64657519 0.0
8789.14157799 0.0
8789.16907814 1.0
8789.63658079 1.0
8789.66408094 0.0
8794.50410834 0.0
8794.5316085 1.0
8795.0266113 1.0
8795.05411145 0.0
8802.01165083 0.0
8802.03915099 1.0
8802.64415441 1.0
8802.67165457 0.0
8805.47667045 0.0
8805.5041706 1.0
8806.16417434 1.0
8806.19167449 0.0
8807.59418243 0.0
8807.62168259 1.0
8808.06168508 1.0
8808.08918523 0.0
8813.7542173 0.0
8813.78171746 1.0
8814.55172181 1.0
8814.57922197 0.0
8821.26175979 0.0
8821.28925995 1.0
8823.02176976 1.0
8823.04926991 0.0
8824.53427832 0.0
8824.56177847 1.0
8825.08428143 1.0
8825.11178159 0.0
8832.78432501 0.0
8832.81182517 1.0
8833.27932782 1.0
8833.30682797 0.0
8833.33432813 1.0
8834.02183202 1.0
8834.04933217 0.0
8837.5693521 0.0
8837.59685225 1.0
8838.44935708 1.0
8838.47685724 0.0
8838.72435864 0.0
8838.75185879 1.0
8839.24686159 1.0
8839.27436175 0.0
8840.56686907 0.0
8840.59436922 1.0
8841.14437233 1.0
8841.17187249 0.0
8841.63937514 0.0
8841.66687529 1.0
8842.10687778 1.0
8842.13437794 0.0
8848.12941187 0.0
8848.15691203 1.0
8848.76191545 1.0
8848.78941561 0.0
8854.39944736 0.0
8854.42694752 1.0
8855.14195156 1.0
8855.16945172 0.0
8859.32197522 0.0
8859.34947538 1.0
8860.53198207 1.0
8860.55948223 0.0
8860.77948347 0.0
8860.80698363 1.0
8861.68698861 1.0
8861.71448877 0.0
8867.37952083 0.0
8867.40702099 1.0
8867.87452363 1.0
8867.90202379 0.0
8868.25952581 0.0
8868.28702597 1.0
8869.11203064 1.0
8869.13953079 0.0
8871.17454231 0.0
8871.20204247 1.0
8871.80704589 1.0
8871.83454605 0.0
8874.47456099 0.0
8874.50206115 1.0
8875.05206426 1.0
8875.07956442 0.0
8879.69959057 0.0
8879.72709072 1.0
8880.27709383 1.0
8880.30459399 0.0
8880.57959555 0.0
8880.6070957 1.0
8881.07459835 1.0
8881.1020985 0.0
8881.15709882 0.0
8881.18459897 1.0
8882.33960551 1.0
8882.36710566 0.0
8883.71461329 0.0
8883.74211345 1.0
8884.92462014 1.0
8884.9521203 0.0
8895.89718225 0.0
8895.9246824 1.0
8896.47468552 1.0
8896.50218567 0.0
8896.55718598 0.0
8896.58468614 1.0
8897.24468987 1.0
8897.27219003 0.0
8898.5921975 0.0
8898.61969766 1.0
8899.60970326 1.0
8899.63720342 0.0
8901.06721151 0.0
8901.09471167 1.0
8901.7547154 1.0
8901.78221556 0.0
8902.60722023 0.0
8902.63472038 1.0
8903.51472536 1.0
8903.54222552 0.0
8909.31725821 0.0
8909.34475836 1.0
8910.36226412 1.0
8910.38976428 0.0
8913.05727938 0.0
8913.08477953 1.0
8913.99228467 1.0
8914.01978483 0.0
8917.97980724 0.0
8918.0073074 1.0
8918.72231144 1.0
8918.7498116 0.0
8919.29981471 0.0
8919.32731487 1.0
8920.53732172 1.0
8920.56482187 0.0
8921.63732794 0.0
8921.6648281 1.0
8922.9023351 1.0
8922.92983526 0.0
8923.78234008 0.0
8923.80984024 1.0
8924.3323432 1.0
8924.35984335 0.0
8925.26734849 0.0
8925.29484864 1.0
8925.92735222 1.0
8925.95485238 0.0
8926.91735783 0.0
8926.94485798 1.0
8927.43986079 1.0
8927.46736094 0.0
8928.70486795 0.0
8928.7323681 1.0
8929.72237371 1.0
8929.74987386 0.0
8930.76737962 0.0
8930.79487978 1.0
8933.68239612 1.0
8933.70989628 0.0
8933.76489659 0.0
8933.79239674 1.0
8935.19490468 1.0
8935.22240484 0.0
8935.77240795 0.0
8935.79990811 1.0
8937.25741636 1.0
8937.28491651 0.0
8937.58741822 0.0
8937.61491838 1.0
8938.65992429 1.0
8938.68742445 0.0
8939.34742819 0.0
8939.37492834 1.0
8939.84243099 1.0
8939.86993114 0.0
8939.92493145 0.0
8939.95243161 1.0
8940.47493457 1.0
8940.50243472 0.0
8942.09744375 0.0
8942.12494391 1.0
8943.49995169 1.0
8943.52745185 0.0
8943.74745309 0.0
8943.77495325 1.0
8945.4799629 1.0
8945.50746305 0.0
8946.2224671 0.0
8946.24996726 1.0
8947.07497193 1.0
8947.10247208 0.0
8948.03747737 0.0
8948.06497753 1.0
8949.96248827 1.0
8949.98998842 0.0
8950.42999092 0.0
8950.45749107 1.0
8951.96999963 1.0
8951.99749979 0.0
8952.68500368 0.0
8952.71250383 1.0
8959.58754275 1.0
8959.6150429 0.0
8959.64254306 1.0
8961.7875552 1.0
8961.81505536 0.0
8962.64006003 0.0
8962.66756018 1.0
8970.39510392 1.0
8970.42260408 0.0
8970.45010423 0.0
8970.47760439 1.0
8979.85515747 1.0
8979.88265762 0.0
8980.5151612 0.0
8980.54266136 1.0
8998.39026238 1.0
8998.41776254 0.0
8999.10526643 0.0
8999.13276658 1.0
9035.46047221 1.0
9035.48797236 0.0
9036.75297952 0.0
9036.78047968 1.0
9038.21048777 1.0
9038.23798793 0.0
9040.76800225 0.0
9040.7955024 1.0
9046.65303556 1.0
9046.68053571 0.0
9048.11054381 0.0
9048.13804396 1.0
9048.60554661 1.0
9048.63304677 0.0
9049.15554972 0.0
9049.18304988 1.0
9051.60306358 1.0
9051.63056373 0.0
9052.78557027 0.0
9052.81307043 1.0
9057.46059673 1.0
9057.48809689 0.0
9058.20310094 0.0
9058.23060109 1.0
9061.14561759 1.0
9061.17311775 0.0
9061.42061915 0.0
9061.4481193 1.0
9079.13071939 1.0
9079.15821955 0.0
9079.40572095 0.0
9079.4332211 1.0
9113.89091614 1.0
9113.9184163 0.0
9114.00091676 0.0
9114.02841692 1.0
9116.20092922 1.0
9116.22842937 0.0
9116.31092984 0.0
9116.33842999 1.0
9124.28597498 1.0
9124.31347513 0.0
9125.27598058 0.0
9125.30348074 1.0
9168.09372294 1.0
9168.1212231 0.0
9168.39622465 0.0
9168.42372481 1.0
9191.13885338 1.0
9191.16635354 0.0
9191.96385805 0.0
9191.99135821 1.0
9202.6614186 1.0
9202.68891876 0.0
9202.71641891 0.0
9202.74391907 1.0
9203.89892561 1.0
9203.92642576 0.0
9205.76893619 0.0
9205.79643635 1.0
9214.29398444 1.0
9214.3214846 0.0
9214.40398507 0.0
9214.43148522 1.0
9221.1415232 1.0
9221.16902336 0.0
9221.66402616 0.0
9221.69152632 1.0
9223.45153628 1.0
9223.47903643 0.0
9223.5615369 0.0
9223.58903706 1.0
9225.43154749 1.0
9225.45904764 0.0
9226.31155247 0.0
9226.33905262 1.0
9228.73156616 1.0
9228.75906632 0.0
9229.55657083 0.0
9229.58407099 1.0
9243.85665178 1.0
9243.88415193 0.0
9244.2141538 0.0
9244.24165395 1.0
9250.2916882 1.0
9250.31918836 0.0
9250.81419116 0.0
9250.84169131 1.0
9260.10924377 1.0
9260.13674392 0.0
9260.24674455 0.0
9260.2742447 1.0
9266.79178159 1.0
9266.81928175 0.0
9266.92928237 0.0
9266.95678253 1.0
9270.28430136 1.0
9270.31180152 0.0
9270.6968037 0.0
9270.72430385 1.0
9675.93909746 1.0
9675.96659761 0.0
9676.68160166 0.0
9676.70910182 1.0
9689.93667669 1.0
9689.96417684 0.0
9690.15667793 0.0
9690.18417809 1.0
9699.17672899 1.0
9699.20422914 0.0
9699.45173055 0.0
9699.4792307 1.0
9706.2992693 1.0
9706.32676946 0.0
9706.87677257 0.0
9706.90427273 1.0
9708.719283 1.0
9708.74678316 0.0
9709.65428829 0.0
9709.68178845 1.0
9721.01185258 1.0
9721.03935274 0.0
9721.80935709 0.0
9721.83685725 1.0
9769.79712872 1.0
9769.82462887 0.0
9770.01712996 0.0
9770.04463012 1.0
9772.49214397 1.0
9772.51964413 0.0
9773.92215206 0.0
9773.94965222 1.0
9799.00229402 1.0
9799.02979418 0.0
9799.93729932 0.0
9799.96479947 1.0
9807.1423401 1.0
9807.16984025 0.0
9807.19734041 1.0
9809.39735286 1.0
9809.42485302 0.0
9810.33235815 0.0
9810.35985831 1.0
9811.98236749 1.0
9812.00986765 0.0
9812.4773703 0.0
9812.50487045 1.0
9813.41237559 1.0
9813.43987574 0.0
9814.29238057 0.0
9814.31988072 1.0
9817.09739645 1.0
9817.1248966 0.0
9817.42739831 0.0
9817.45489847 1.0
9821.7174226 1.0
9821.74492275 0.0
9823.39493209 0.0
9823.42243225 1.0
9825.20994236 1.0
9825.23744252 0.0
9825.45744377 0.0
9825.48494392 1.0
9830.68247334 1.0
9830.7099735 0.0
9831.12247583 0.0
9831.14997599 1.0
9831.67247894 1.0
9831.6999791 0.0
9831.72747926 0.0
9831.75497941 1.0
9832.33248268 1.0
9832.35998284 0.0
9832.74498501 0.0
9832.77248517 1.0
9836.04500369 1.0
9836.07250385 0.0
9836.87000836 0.0
9836.89750852 1.0
9837.42001148 1.0
9837.44751163 0.0
9837.88751412 0.0
9837.91501428 1.0
9841.57253498 1.0
9841.60003514 0.0
9841.82003638 0.0
9841.84753654 1.0
9843.33254494 1.0
9843.3600451 0.0
9844.40505101 0.0
9844.43255117 1.0
9849.74008121 1.0
9849.76758137 0.0
9849.79508152 1.0
9854.63510892 1.0
9854.66260907 0.0
9854.88261032 0.0
9854.91011047 1.0
9856.12011732 1.0
9856.14761748 0.0
9856.83512137 0.0
9856.86262153 1.0
9858.10012853 1.0
9858.12762869 0.0
9858.29262962 0.0
9858.32012978 1.0
9860.46514192 1.0
9860.49264207 0.0
9861.07014534 0.0
9861.0976455 1.0
9861.56514814 1.0
9861.5926483 0.0
9862.41765297 0.0
9862.44515312 1.0
9864.20516309 1.0
9864.23266324 0.0
9866.73517741 0.0
9866.76267756 1.0
9867.31268068 1.0
9867.34018083 0.0
9867.72518301 0.0
9867.75268317 1.0
9868.68768846 1.0
9868.71518861 0.0
9869.18269126 0.0
9869.21019142 1.0
9872.04270745 1.0
9872.0702076 0.0
9872.26270869 0.0
9872.29020885 1.0
9873.47271554 1.0
9873.5002157 0.0
9873.69271679 0.0
9873.72021694 1.0
9874.2427199 1.0
9874.27022006 0.0
9875.20522535 0.0
9875.2327255 1.0
9877.79023998 1.0
9877.81774014 0.0
9880.43025492 0.0
9880.45775508 1.0
9881.64026177 1.0
9881.66776193 0.0
9882.02526395 0.0
9882.05276411 1.0
9882.96026924 1.0
9882.9877694 0.0
9883.67527329 0.0
9883.70277345 1.0
9884.25277656 1.0
9884.28027672 0.0
9886.8927915 0.0
9886.92029166 1.0
9888.98280333 1.0
9889.01030349 0.0
9890.24781049 0.0
9890.27531065 1.0
9891.10031532 1.0
9891.12781547 0.0
9891.54031781 0.0
9891.56781797 1.0
9892.14532123 1.0
9892.17282139 0.0
9892.33782232 0.0
9892.36532248 1.0
9893.30032777 1.0
9893.32782793 0.0
9893.85033088 0.0
9893.87783104 1.0
9894.48283446 1.0
9894.51033462 0.0
9895.33533929 0.0
9895.36283945 1.0
9895.85784225 1.0
9895.8853424 0.0
9895.96784287 0.0
9895.99534303 1.0
9897.15034956 1.0
9897.17784972 0.0
9897.20534987 0.0
9897.23285003 1.0
9897.89285377 1.0
9897.92035392 0.0
9898.38785657 0.0
9898.41535672 1.0
9899.65286373 1.0
9899.68036388 0.0
9899.70786404 1.0
9903.80538723 1.0
9903.83288739 0.0
9903.99788832 0.0
9904.02538848 1.0
9905.15289486 1.0
9905.18039502 0.0
9907.40790762 0.0
9907.43540778 1.0
9908.15041183 1.0
9908.17791198 0.0
9910.29542397 0.0
9910.32292412 1.0
9911.53293097 1.0
9911.56043113 0.0
9912.52293658 0.0
9912.55043673 1.0
9913.34794125 1.0
9913.3754414 0.0
9914.14544576 0.0
9914.17294592 1.0
9914.97045043 1.0
9914.99795059 0.0
9916.0429565 0.0
9916.07045666 1.0
9916.5379593 1.0
9916.56545946 0.0
9917.69296584 0.0
9917.720466 1.0
9918.49047035 1.0
9918.51797051 0.0
9921.57048779 0.0
9921.59798794 1.0
9923.55049899 1.0
9923.57799915 0.0
9925.22800849 0.0
9925.25550865 1.0
9925.75051145 1.0
9925.7780116 0.0
9925.80551176 0.0
9925.83301191 1.0
9926.52051581 1.0
9926.54801596 0.0
9928.28052577 0.0
9928.30802592 1.0
9930.50803838 1.0
9930.53553853 0.0
9931.00304118 0.0
9931.03054133 1.0
9932.15804772 1.0
9932.18554787 0.0
9932.62555036 0.0
9932.65305052 1.0
9934.22055939 1.0
9934.24805954 0.0
9935.10056437 0.0
9935.12806453 1.0
9935.65056748 1.0
9935.67806764 0.0
9936.83307418 0.0
9936.86057433 1.0
9937.52057807 1.0
9937.54807822 0.0
9938.23558212 0.0
9938.26308227 1.0
9938.8680857 1.0
9938.89558585 0.0
9941.94810313 0.0
9941.97560328 1.0
9943.10310967 1.0
9943.13060982 0.0
9943.73561325 0.0
9943.7631134 1.0
9944.53311776 1.0
9944.56061792 0.0
9949.15314391 0.0
9949.18064407 1.0
9949.64814671 1.0
9949.67564687 0.0
9953.03066586 0.0
9953.05816601 1.0
9953.74566991 1.0
9953.77317006 0.0
9954.02067146 0.0
9954.04817162 1.0
9955.06567738 1.0
9955.09317753 0.0
9955.47817971 0.0
9955.50567987 1.0
9955.97318251 1.0
9956.00068267 0.0
9957.98069388 0.0
9958.00819403 1.0
9958.66819777 1.0
9958.69569792 0.0
9959.27320119 0.0
9959.30070135 1.0
9960.56570851 1.0
9960.59320866 0.0
9964.1682289 0.0
9964.19572906 1.0
9964.71823201 1.0
9964.74573217 0.0
9968.26575209 0.0
9968.29325225 1.0
9968.78825505 1.0
9968.81575521 0.0
9969.58575956 0.0
9969.61325972 1.0
9970.4932647 1.0
9970.52076486 0.0
9971.9232728 0.0
9971.95077295 1.0
9972.47327591 1.0
9972.50077606 0.0
9977.12080221 0.0
9977.14830237 1.0
9977.61580502 1.0
9977.64330517 0.0
9979.34831482 0.0
9979.37581498 1.0
9980.25581996 1.0
9980.28332011 0.0
9986.49835529 0.0
9986.52585545 1.0
9987.29585981 1.0
9987.32335996 0.0
9988.94586915 0.0
9988.9733693 1.0
9989.57837273 1.0
9989.60587288 0.0
9990.76087942 0.0
9990.78837958 1.0
9991.28338238 1.0
9991.31088253 0.0
9991.36588284 0.0
9991.393383 1.0
9992.02588658 1.0
9992.05338674 0.0
9995.21590464 0.0
9995.24340479 1.0
9996.2334104 1.0
9996.26091055 0.0
9997.25091616 0.0
9997.27841631 1.0
9997.77341911 1.0
9997.80091927 0.0
10000.220933 0.0
10000.2484331 1.0
10000.7984362 1.0
10000.8259364 0.0
10000.9909373 0.0
10001.0184375 1.0
10002.530946 1.0
10002.5584462 0.0
10012.596003 0.0
10012.6235032 1.0
10013.6685091 1.0
10013.6960092 0.0
10013.9710108 0.0
10013.998511 1.0
10014.6310145 1.0
10014.6585147 0.0
10014.6860148 0.0
10014.713515 1.0
10015.5385197 1.0
10015.5660198 0.0
10018.1510345 0.0
10018.1785346 1.0
10018.7285377 1.0
10018.7560379 0.0
10018.8110382 0.0
10018.8385383 1.0
10020.2135461 1.0
10020.2410463 0.0
10020.90105 0.0
10020.9285502 1.0
10021.8360553 1.0
10021.8635555 0.0
10023.9535673 0.0
10023.9810675 1.0
10025.7960777 1.0
10025.8235779 0.0
10025.8785782 0.0
10025.9060783 1.0
10026.6760827 1.0
10026.7035829 0.0
10028.3810924 0.0
10028.4085925 1.0
10028.9585956 1.0
10028.9860958 0.0
10039.2986542 0.0
10039.3261543 1.0
10040.9761636 1.0
10041.0036638 0.0
10044.0561811 0.0
10044.0836812 1.0
10044.9086859 1.0
10044.9361861 0.0
10050.1612156 0.0
10050.1887158 1.0
10051.3712225 1.0
10051.3987226 0.0
10055.6062465 0.0
10055.6337466 1.0
10056.5687519 1.0
10056.5962521 0.0
10061.4087793 0.0
10061.4362795 1.0
10062.1237834 1.0
10062.1512835 0.0
10066.4138076 0.0
10066.4413078 1.0
10067.183812 1.0
10067.2113121 0.0
10070.4838307 0.0
10070.5113308 1.0
10071.0338338 1.0
10071.0613339 0.0
10071.9963392 0.0
10072.0238394 1.0
10072.7938437 1.0
10072.8213439 0.0
10076.011362 0.0
10076.0388621 1.0
10076.5888652 1.0
10076.6163654 0.0
10079.8613837 0.0
10079.8888839 1.0
10080.9338898 1.0
10080.96139 0.0
10084.2339085 0.0
10084.2614087 1.0
10084.9764127 1.0
10085.0039129 0.0
10089.3489375 0.0
10089.3764376 1.0
10090.4214435 1.0
10090.4489437 0.0
10091.6864507 0.0
10091.7139508 1.0
10092.6764563 1.0
10092.7039564 0.0
10093.693962 0.0
10093.7214622 1.0
10094.6564675 1.0
10094.6839676 0.0
10094.9039689 0.0
10094.931469 1.0
10096.0589754 1.0
10096.0864756 0.0
10097.1864818 0.0
10097.213982 1.0
10098.0939869 1.0
10098.1214871 0.0
10099.9089972 0.0
10099.9364974 1.0
10100.7340019 1.0
10100.761502 0.0
10102.1915101 0.0
10102.2190103 1.0
10103.1265154 1.0
10103.1540156 0.0
10105.0240262 0.0
10105.0515263 1.0
10105.5740293 1.0
10105.6015294 0.0
10108.1865441 0.0
10108.2140442 1.0
10108.9565484 1.0
10108.9840486 0.0
10112.2565671 0.0
10112.2840673 1.0
10112.8065702 1.0
10112.8340704 0.0
10114.4840797 0.0
10114.5115799 1.0
10115.0340828 1.0
10115.061583 0.0
10117.7015979 0.0
10117.7290981 1.0
10118.4441021 1.0
10118.4716023 0.0
10119.0491056 0.0
10119.0766057 1.0
10119.6266088 1.0
10119.654109 0.0
10121.2216179 0.0
10121.249118 1.0
10122.2941239 1.0
10122.3216241 0.0
10127.2441519 0.0
10127.2716521 1.0
10127.7941551 1.0
10127.8216552 0.0
10131.7266773 0.0
10131.7541775 1.0
10132.551682 1.0
10132.5791821 0.0
10143.1117418 0.0
10143.1392419 1.0
10144.211748 1.0
10144.2392481 0.0
10144.5142497 0.0
10144.5417499 1.0
10145.2017536 1.0
10145.2292537 0.0
10147.1267645 0.0
10147.1542646 1.0
10148.1992706 1.0
10148.2267707 0.0
10155.349311 0.0
10155.3768112 1.0
10156.3668168 1.0
10156.3943169 0.0
10167.9168822 0.0
10167.9443823 1.0
10168.6593864 1.0
10168.6868865 0.0
10169.3468903 0.0
10169.3743904 1.0
10170.0343941 1.0
10170.0618943 0.0
10174.4344191 0.0
10174.4619192 1.0
10175.2869239 1.0
10175.314424 0.0
10178.8894443 0.0
10178.9169444 1.0
10179.3844471 1.0
10179.4119472 0.0
10186.0394847 0.0
10186.0669849 1.0
10186.6994885 1.0
10186.7269886 0.0
10193.0245243 0.0
10193.0520244 1.0
10194.8120344 1.0
10194.8395346 0.0
10203.5570839 0.0
10203.584584 1.0
10204.2720879 1.0
10204.2995881 0.0
10204.7670907 0.0
10204.7945909 1.0
10205.4270945 1.0
10205.4545946 0.0
10212.5221346 0.0
10212.5496348 1.0
10213.0996379 1.0
10213.1271381 0.0
10214.5021458 0.0
10214.529646 1.0
10214.9696485 1.0
10214.9971486 0.0
10215.9596541 0.0
10215.9871543 1.0
10216.6196578 1.0
10216.647158 0.0
10216.7846588 0.0
10216.8121589 1.0
10217.9121651 1.0
10217.9396653 0.0
10228.9122274 0.0
10228.9397276 1.0
10229.9297332 1.0
10229.9572333 0.0
10235.0722623 0.0
10235.0997624 1.0
10235.8422666 1.0
10235.8697668 0.0
10237.492276 0.0
10237.5197761 1.0
10238.20728 1.0
10238.2347802 0.0
10238.2897805 0.0
10238.3172806 1.0
10239.3897867 1.0
10239.4172869 0.0
10239.5547876 0.0
10239.5822878 1.0
10240.5722934 1.0
10240.5997936 0.0
10252.5623613 0.0
10252.5898614 1.0
10253.2498652 1.0
10253.2773653 0.0
10257.4023887 0.0
10257.4298888 1.0
10258.3098938 1.0
10258.337394 0.0
10262.5999181 0.0
10262.6274182 1.0
10263.3149221 1.0
10263.3424223 0.0
10263.3699224 0.0
10263.3974226 1.0
10263.8649252 1.0
10263.8924254 0.0
10272.6374749 0.0
10272.6649751 1.0
10273.4624796 1.0
10273.4899797 0.0
10275.30499 0.0
10275.3324902 1.0
10276.2124951 1.0
10276.2399953 0.0
10276.6524976 0.0
10276.6799978 1.0
10277.2025007 1.0
10277.2300009 0.0
10285.7550492 0.0
10285.7825493 1.0
10286.5525537 1.0
10286.5800538 0.0
10287.487559 0.0
10287.5150591 1.0
10288.0650622 1.0
10288.0925624 0.0
10288.5325649 0.0
10288.560065 1.0
10289.1100681 1.0
10289.1375683 0.0
10294.1425966 0.0
10294.1700968 1.0
10294.7751002 1.0
10294.8026004 0.0
10300.0826303 0.0
10300.1101304 1.0
10300.7151338 1.0
10300.742634 0.0
10309.3501827 0.0
10309.3776829 1.0
10309.927686 1.0
10309.9551861 0.0
10314.4377115 0.0
10314.4652117 1.0
10315.1527156 1.0
10315.1802157 0.0
10333.60532 0.0
10333.6328202 1.0
10334.2103234 1.0
10334.2378236 0.0
10336.6853374 0.0
10336.7128376 1.0
10337.2078404 1.0
10337.2353405 0.0
10360.5279724 0.0
10360.5554725 1.0
10361.0504753 1.0
10361.0779755 0.0
10373.178044 0.0
10373.2055441 1.0
10373.6730468 1.0
10373.7005469 0.0
10384.9481106 0.0
10384.9756108 1.0
10385.4431134 1.0
10385.4706136 0.0
10413.10827 0.0
10413.1357702 1.0
10413.5757726 1.0
10413.6032728 0.0
10423.1458268 0.0
10423.173327 1.0
10423.6408296 1.0
10423.6683298 0.0
10492.1987177 0.0
10492.2262178 1.0
10492.6662203 1.0
10492.6937205 0.0
10492.7762209 0.0
10492.8037211 1.0
10493.2437236 1.0
10493.2712237 0.0
10493.4637248 0.0
10493.491225 1.0
10493.9312275 1.0
10493.9587276 0.0
10494.206229 0.0
10494.2337292 1.0
10494.6737317 1.0
10494.7012318 0.0
10495.0312337 0.0
10495.0587339 1.0
10495.5262365 1.0
10495.5537367 0.0
10495.966239 0.0
10495.9937392 1.0
10496.4337416 1.0
10496.4612418 0.0
10496.9837448 0.0
10497.0112449 1.0
10497.4512474 1.0
10497.4787476 0.0
10498.083751 0.0
10498.1112511 1.0
10498.5512536 1.0
10498.5787538 0.0
10499.2662577 0.0
10499.2937578 1.0
10499.7337603 1.0
10499.7612605 0.0
10500.5312648 0.0
10500.558765 1.0
10500.9987675 1.0
10501.0262676 0.0
10501.8787725 0.0
10501.9062726 1.0
10502.3462751 1.0
10502.3737753 0.0
10514.8038456 0.0
10514.8313458 1.0
10515.2713483 1.0
10515.2988484 0.0
10516.8938575 0.0
10516.9213576 1.0
10517.3888603 1.0
10517.4163604 0.0
10519.0663697 0.0
10519.0938699 1.0
10519.5613725 1.0
10519.5888727 0.0
10521.3488827 0.0
10521.3763828 1.0
10521.8163853 1.0
10521.8438855 0.0
10523.6863959 0.0
10523.7138961 1.0
10524.1813987 1.0
10524.2088989 0.0
10526.1339098 0.0
10526.1614099 1.0
10526.6289126 1.0
10526.6564127 0.0
10528.6639241 0.0
10528.6914242 1.0
10529.1314267 1.0
10529.1589269 0.0
10531.2764389 0.0
10531.303939 1.0
10531.7439415 1.0
10531.7714417 0.0
10536.77647 0.0
10536.8039701 1.0
10537.2439726 1.0
10537.2714728 0.0
10589.3292675 0.0
10589.3567676 1.0
10589.7967701 1.0
10589.8242703 0.0
10590.3467732 0.0
10590.3742734 1.0
10590.8142759 1.0
10590.841776 0.0
10600.8243325 0.0
10600.8518327 1.0
10601.2918352 1.0
10601.3193353 0.0
10611.6593938 0.0
10611.686894 1.0
10612.1543966 1.0
10612.1818968 0.0
10622.8794574 0.0
10622.9069575 1.0
10623.3744602 1.0
10623.4019603 0.0
10623.5119609 0.0
10623.5394611 1.0
10624.1719647 1.0
10624.1994648 0.0
10627.6644844 0.0
10627.6919846 1.0
10628.296988 1.0
10628.3244882 0.0
10633.7145187 0.0
10633.7420188 1.0
10634.1820213 1.0
10634.2095215 0.0
10634.4570229 0.0
10634.484523 1.0
10634.9520257 1.0
10634.9795258 0.0
10636.0795321 0.0
10636.1070322 1.0
10636.5745349 1.0
10636.602035 0.0
10637.5920406 0.0
10637.6195408 1.0
10638.0870434 1.0
10638.1145436 0.0
10639.957054 0.0
10639.9845542 1.0
10640.4520568 1.0
10640.479557 0.0
10641.8545648 0.0
10641.8820649 1.0
10642.3495676 1.0
10642.3770677 0.0
10644.1645778 0.0
10644.192078 1.0
10644.6870808 1.0
10644.7145809 0.0
10646.3920904 0.0
10646.4195906 1.0
10646.9420936 1.0
10646.9695937 0.0
10646.9970939 0.0
10647.024594 1.0
10647.7120979 1.0
10647.7395981 0.0
10648.7296037 0.0
10648.7571038 1.0
10649.2521066 1.0
10649.2796068 0.0
10650.5171138 0.0
10650.5446139 1.0
10651.3421185 1.0
10651.3696186 0.0
10651.3971188 1.0
10651.8921216 1.0
10651.9196217 0.0
10653.6521315 0.0
10653.6796317 1.0
10654.1746345 1.0
10654.2021346 0.0
10656.6771487 0.0
10656.7046488 1.0
10657.1721515 1.0
10657.1996516 0.0
10658.7946606 0.0
10658.8221608 1.0
10659.4546644 1.0
10659.4821645 0.0
10662.3146806 0.0
10662.3421807 1.0
10662.8371835 1.0
10662.8646837 0.0
10664.514693 0.0
10664.5421932 1.0
10665.0646961 1.0
10665.0921963 0.0
10668.3647148 0.0
10668.392215 1.0
10668.8322175 1.0
10668.8597176 0.0
10670.0147241 0.0
10670.0422243 1.0
10671.0047298 1.0
10671.0322299 0.0
10674.937252 0.0
10674.9647522 1.0
10675.4047547 1.0
10675.4322548 0.0
10675.7347565 0.0
10675.7622567 1.0
10676.6147615 1.0
10676.6422617 0.0
10676.8622629 0.0
10676.8897631 1.0
10677.7972682 1.0
10677.8247684 0.0
10678.0447696 0.0
10678.0722698 1.0
10678.8697743 1.0
10678.8972744 0.0
10679.1447758 0.0
10679.172276 1.0
10679.6672788 1.0
10679.6947789 0.0
10679.9147802 0.0
10679.9422803 1.0
10681.0972869 1.0
10681.124787 0.0
10682.3072937 0.0
10682.3347939 1.0
10682.884797 1.0
10682.9122972 0.0
10683.4898004 0.0
10683.5173006 1.0
10683.9573031 1.0
10683.9848032 0.0
10684.4523059 0.0
10684.479806 1.0
10685.002309 1.0
10685.0298091 0.0
10686.8998197 0.0
10686.9273199 1.0
10687.6973242 1.0
10687.7248244 0.0
10689.7323358 0.0
10689.7598359 1.0
10690.2273386 1.0
10690.2548387 0.0
10691.7673473 0.0
10691.7948474 1.0
10692.2348499 1.0
10692.2623501 0.0
10693.5273572 0.0
10693.5548574 1.0
10695.1223663 1.0
10695.1498664 0.0
10698.3673846 0.0
10698.3948848 1.0
10699.2748898 1.0
10699.3023899 0.0
10699.3298901 1.0
10699.7973927 1.0
10699.8248929 0.0
10701.4474021 0.0
10701.4749022 1.0
10702.84991 1.0
10702.8774102 0.0
10706.727432 0.0
10706.7549321 1.0
10707.6899374 1.0
10707.7174376 0.0
10709.4224472 0.0
10709.4499474 1.0
10709.8899499 1.0
10709.91745 0.0
10711.2924578 0.0
10711.3199579 1.0
10711.8424609 1.0
10711.8699611 0.0
10714.8124777 0.0
10714.8399779 1.0
10715.389981 1.0
10715.4174811 0.0
10715.4449813 1.0
10715.9124839 1.0
10715.9399841 0.0
10717.1224908 0.0
10717.1499909 1.0
10718.1124964 1.0
10718.1399965 0.0
10718.8550006 0.0
10718.8825008 1.0
10719.6800053 1.0
10719.7075054 0.0
10720.697511 0.0
10720.7250112 1.0
10721.3850149 1.0
10721.4125151 0.0
10723.3100258 0.0
10723.337526 1.0
10724.4650323 1.0
10724.4925325 0.0
10725.4825381 0.0
10725.5100383 1.0
10726.6650448 1.0
10726.692545 0.0
10729.2775596 0.0
10729.3050597 1.0
10730.1575646 1.0
10730.1850647 0.0
10731.12007 0.0
10731.1475702 1.0
10731.6700731 1.0
10731.6975733 0.0
10732.9075801 0.0
10732.9350803 1.0
10733.4025829 1.0
10733.4300831 0.0
10735.0800924 0.0
10735.1075926 1.0
10735.5475951 1.0
10735.5750952 0.0
10741.9826315 0.0
10742.0101317 1.0
10742.780136 1.0
10742.8076362 0.0
10745.8051531 0.0
10745.8326533 1.0
10748.2251668 1.0
10748.252667 0.0
10748.6376692 0.0
10748.6651693 1.0
10749.490174 1.0
10749.5176742 0.0
10752.4326907 0.0
10752.4601908 1.0
10752.9276935 1.0
10752.9551936 0.0
10755.1002058 0.0
10755.1277059 1.0
10755.7052092 1.0
10755.7327093 0.0
10757.272718 0.0
10757.3002182 1.0
10757.8227212 1.0
10757.8502213 0.0
10763.0477507 0.0
10763.0752509 1.0
10763.5977538 1.0
10763.625254 0.0
10763.9277557 0.0
10763.9552559 1.0
10764.8077607 1.0
10764.8352609 0.0
10771.2702973 0.0
10771.2977974 1.0
10772.1503023 1.0
10772.1778024 0.0
10773.9653125 0.0
10773.9928127 1.0
10776.4403265 1.0
10776.4678267 0.0
10781.6103558 0.0
10781.637856 1.0
10782.5453611 1.0
10782.5728613 0.0
10784.0578697 0.0
10784.0853698 1.0
10785.2953767 1.0
10785.3228768 0.0
10794.6729297 0.0
10794.7004299 1.0
10795.5804349 1.0
10795.607935 0.0
10797.6154464 0.0
10797.6429466 1.0
10798.5229515 1.0
10798.5504517 0.0
10799.842959 0.0
10799.8704592 1.0
10800.4479624 1.0
10800.4754626 0.0
10801.6579693 0.0
10801.6854694 1.0
10803.4729796 1.0
10803.5004797 0.0
10806.0579942 0.0
10806.0854943 1.0
10807.1855006 1.0
10807.2130007 0.0
10808.8905102 0.0
10808.9180104 1.0
10809.8255155 1.0
10809.8530157 0.0
10811.7780266 0.0
10811.8055267 1.0
10812.4105301 1.0
10812.4380303 0.0
10812.8780328 0.0
10812.9055329 1.0
10815.5455479 1.0
10815.573048 0.0
10818.4055641 0.0
10818.4330642 1.0
10819.5605706 1.0
10819.5880708 0.0
10820.2205743 0.0
10820.2480745 1.0
10821.0180789 1.0
10821.045579 0.0
10824.7581 0.0
10824.7856002 1.0
10825.4456039 1.0
10825.4731041 0.0
10833.9706522 0.0
10833.9981523 1.0
10837.6831732 1.0
10837.7106733 0.0
10840.0481866 0.0
10840.0756867 1.0
10841.5606951 1.0
10841.5881953 0.0
10843.2382046 0.0
10843.2657048 1.0
10844.3107107 1.0
10844.3382109 0.0
10845.4382171 0.0
10845.4657172 1.0
10846.8682252 1.0
10846.8957253 0.0
10851.9007537 0.0
10851.9282538 1.0
10853.5782632 1.0
10853.6057633 0.0
10853.7982644 0.0
10853.8257646 1.0
10854.7057695 1.0
10854.7332697 0.0
10854.7607699 1.0
10855.2557727 1.0
10855.2832728 0.0
10855.310773 1.0
10856.1357776 1.0
10856.1632778 0.0
10859.1882949 0.0
10859.2157951 1.0
10864.4408246 1.0
10864.4683248 0.0
10865.7883323 0.0
10865.8158324 1.0
10866.9983391 1.0
10867.0258393 0.0
10870.2433575 0.0
10870.2708576 1.0
10872.8833724 1.0
10872.9108726 0.0
10877.2558972 0.0
10877.2833973 1.0
10878.4934042 1.0
10878.5209043 0.0
10878.8784064 0.0
10878.9059065 1.0
10879.6209106 1.0
10879.6484107 0.0
10884.3234372 0.0
10884.3509373 1.0
10885.7534453 1.0
10885.7809454 0.0
10889.0259638 0.0
10889.053464 1.0
10890.2359706 1.0
10890.2634708 0.0
10890.8134739 0.0
10890.8409741 1.0
10893.5084892 1.0
10893.5359893 0.0
10893.838491 0.0
10893.8659912 1.0
10896.0660036 1.0
10896.0935038 0.0
10897.358511 0.0
10897.3860111 1.0
10897.8260136 1.0
10897.8535138 0.0
10900.4110282 0.0
10900.4385284 1.0
10905.4160566 1.0
10905.4435567 0.0
10905.7460584 0.0
10905.7735586 1.0
10908.2485726 1.0
10908.2760728 0.0
10911.7135922 0.0
10911.7410924 1.0
10912.5935972 1.0
10912.6210974 0.0
10913.6386031 0.0
10913.6661033 1.0
10914.2161064 1.0
10914.2436065 0.0
10917.9561276 0.0
10917.9836277 1.0
10918.6986318 1.0
10918.7261319 0.0
10919.6611372 0.0
10919.6886374 1.0
10920.513642 1.0
10920.5411422 0.0
10923.8136607 0.0
10923.8411609 1.0
10930.5236987 1.0
10930.5511988 0.0
10931.2662029 0.0
10931.293703 1.0
10931.7887058 1.0
10931.816206 0.0
10933.0262129 0.0
10933.053713 1.0
10934.648722 1.0
10934.6762222 0.0
10936.4912325 0.0
10936.5187326 1.0
10936.9862353 1.0
10937.0137354 0.0
10937.2612368 0.0
10937.288737 1.0
10938.9937466 1.0
10939.0212468 0.0
10941.1112586 0.0
10941.1387588 1.0
10942.1012642 1.0
10942.1287644 0.0
10942.4862664 0.0
10942.5137666 1.0
10943.6412729 1.0
10943.6687731 0.0
10944.5212779 0.0
10944.5487781 1.0
10951.3138164 1.0
10951.3413165 0.0
10951.9463199 0.0
10951.9738201 1.0
10952.4138226 1.0
10952.4413227 0.0
10952.5513234 0.0
10952.5788235 1.0
10954.3113333 1.0
10954.3388335 0.0
10956.6213464 0.0
10956.6488466 1.0
10964.4863909 1.0
10964.5138911 0.0
10964.6513919 0.0
10964.678892 1.0
10966.2464009 1.0
10966.273901 0.0
10971.8564326 0.0
10971.8839328 1.0
10972.9289387 1.0
10972.9564389 0.0
10974.9639502 0.0
10974.9914504 1.0
10982.5814933 1.0
10982.6089935 0.0
10984.5065042 0.0
10984.5340044 1.0
10992.2615481 1.0
10992.2890483 0.0
10993.1690533 0.0
10993.1965534 1.0
11003.3991112 1.0
11003.4266113 0.0
11004.1416154 0.0
11004.1691155 1.0
11008.0466375 1.0
11008.0741376 0.0
11008.3766394 0.0
11008.4041395 1.0
11013.7116695 1.0
11013.7391697 0.0
11015.389179 0.0
11015.4166792 1.0
11015.8566817 1.0
11015.8841818 0.0
11016.1041831 0.0
11016.1316832 1.0
11038.0218072 1.0
11038.0493073 0.0
11039.231814 0.0
11039.2593142 1.0
11051.7168847 1.0
11051.7443848 0.0
11051.771885 0.0
11051.7993851 1.0
11069.1794835 1.0
11069.2069837 0.0
11071.379496 0.0
11071.4069961 1.0
11075.807021 1.0
11075.8345212 0.0
11076.0820226 0.0
11076.1095227 1.0
11681.1679475 1.0
11681.1954477 0.0
11681.9104517 0.0
11681.9379519 1.0
11689.8854968 1.0
11689.912997 0.0
11690.7380017 0.0
11690.7655018 1.0
11696.8980365 1.0
11696.9255367 0.0
11697.9980428 0.0
11698.0255429 1.0
11715.0206391 1.0
11715.0481393 0.0
11715.7906435 0.0
11715.8181436 1.0
11716.4506472 1.0
11716.4781474 0.0
11717.0281505 0.0
11717.0556506 1.0
11733.3907431 1.0
11733.4182432 0.0
11734.2157478 0.0
11734.2432479 1.0
11745.6008122 1.0
11745.6283124 0.0
11747.1133208 0.0
11747.1408209 1.0
11750.2208384 1.0
11750.2483385 0.0
11751.3208446 0.0
11751.3483447 1.0
11758.7733868 1.0
11758.8008869 0.0
11762.5134079 0.0
11762.5409081 1.0
11763.2559121 1.0
11763.2834123 0.0
11763.6684145 0.0
11763.6959146 1.0
11764.3284182 1.0
11764.3559184 0.0
11765.4834247 0.0
11765.5109249 1.0
11767.7384375 1.0
11767.7659377 0.0
11770.5984537 0.0
11770.6259539 1.0
11772.3584637 1.0
11772.3859638 0.0
11772.5234646 0.0
11772.5509647 1.0
11787.5660497 1.0
11787.5935499 0.0
11792.0760753 0.0
11792.1035754 1.0
11801.5911291 1.0
11801.6186293 0.0
11803.4886399 0.0
11803.51614 1.0
11805.4411509 1.0
11805.4686511 0.0
11805.7436526 0.0
11805.7711528 1.0
11806.2386554 1.0
11806.2661556 0.0
11806.5961575 0.0
11806.6236576 1.0
11810.7211808 1.0
11810.748681 0.0
11811.0786828 0.0
11811.106183 1.0
11829.1187849 1.0
11829.1462851 0.0
11829.8062888 0.0
11829.833789 1.0
11831.5387986 1.0
11831.5662988 0.0
11831.8138002 0.0
11831.8413003 1.0
11832.5838045 1.0
11832.6113047 0.0
11832.666305 0.0
11832.6938052 1.0
11833.6288105 1.0
11833.6563106 0.0
11835.2513196 0.0
11835.2788198 1.0
11853.4564227 1.0
11853.4839228 0.0
11853.511423 1.0
11856.0689375 1.0
11856.0964376 0.0
11856.5914404 0.0
11856.6189406 1.0
11857.8289474 1.0
11857.8564476 0.0
11858.2414498 0.0
11858.2689499 1.0
11861.2114666 1.0
11861.2389667 0.0
11861.2664669 1.0
11862.0639714 1.0
11862.0914716 0.0
11862.9714765 0.0
11862.9989767 1.0
11866.6014971 1.0
11866.6289973 0.0
11866.7114977 0.0
11866.7389979 1.0
11887.8316173 1.0
11887.8591174 0.0
11888.0791187 0.0
11888.1066188 1.0
11888.5466213 1.0
11888.5741215 0.0
11888.6016216 1.0
11895.1466587 1.0
11895.1741588 0.0
11897.5666724 0.0
11897.5941725 1.0
11904.6892127 1.0
11904.7167128 0.0
11905.3217163 0.0
11905.3492164 1.0
11914.3142672 1.0
11914.3417673 0.0
11916.8442815 0.0
11916.8717816 1.0
11921.6843089 1.0
11921.711809 0.0
11923.3068181 0.0
11923.3343182 1.0
11923.8843213 1.0
11923.9118215 0.0
11925.0118277 0.0
11925.0393279 1.0
11928.9168498 1.0
11928.94435 0.0
11931.2268629 0.0
11931.254363 1.0
11938.129402 1.0
11938.1569021 0.0
11940.9069177 0.0
11940.9344178 1.0
11941.9794238 1.0
11942.0069239 0.0
11943.4919323 0.0
11943.5194325 1.0
11947.5894555 1.0
11947.6169557 0.0
11948.1119585 0.0
11948.1394586 1.0
11948.9644633 1.0
11948.9919634 0.0
11949.3219653 0.0
11949.3494655 1.0
11953.1994873 1.0
11953.2269874 0.0
11953.859491 0.0
11953.8869912 1.0
11961.807036 1.0
11961.8345361 0.0
11961.9995371 0.0
11962.0270372 1.0
11966.0695601 1.0
11966.0970603 0.0
11966.9495651 0.0
11966.9770652 1.0
11967.5545685 1.0
11967.5820687 0.0
11968.6545747 0.0
11968.6820749 1.0
11970.992088 1.0
11971.0195881 0.0
11971.7620923 0.0
11971.7895925 1.0
11978.3621297 1.0
11978.3896298 0.0
11981.4421471 0.0
11981.4696473 1.0
11982.487153 1.0
11982.5146532 0.0
11982.9546557 0.0
11982.9821558 1.0
11994.0372184 1.0
11994.0647186 0.0
11995.8797288 0.0
11995.907229 1.0
11998.6022442 1.0
11998.6297444 0.0
12000.1697531 0.0
12000.1972533 1.0
12005.8897855 1.0
12005.9172857 0.0
12006.329788 0.0
12006.3572881 1.0
12021.0148711 1.0
12021.0423713 0.0
12024.0948885 0.0
12024.1223887 1.0
12024.9748935 1.0
12025.0023937 0.0
12025.2223949 0.0
12025.2498951 1.0
12028.054911 1.0
12028.0824111 0.0
12028.3299125 0.0
12028.3574127 1.0
12029.292418 1.0
12029.3199181 0.0
12029.3474183 1.0
12045.3525089 1.0
12045.380009 0.0
12045.7100109 0.0
12045.737511 1.0
12046.9475179 1.0
12046.9750181 0.0
12047.3325201 0.0
12047.3600202 1.0
12054.3175596 1.0
12054.3450598 0.0
12054.3725599 1.0
12056.2150704 1.0
12056.2425705 0.0
12058.800085 0.0
12058.8275851 1.0
12061.0000974 1.0
12061.0275976 0.0
12061.1650984 0.0
12061.1925985 1.0
12062.1276038 1.0
12062.155104 0.0
12062.9801086 0.0
12063.0076088 1.0
12063.4476113 1.0
12063.4751114 0.0
12063.5026116 1.0
12067.7651357 1.0
12067.7926359 0.0
12067.9026365 0.0
12067.9301367 1.0
12068.3701392 1.0
12068.3976393 0.0
12068.6726409 0.0
12068.700141 1.0
12076.2626838 1.0
12076.290184 0.0
12077.9126932 0.0
12077.9401933 1.0
12079.0126994 1.0
12079.0401995 0.0
12079.2327006 0.0
12079.2602008 1.0
12083.4677246 1.0
12083.4952248 0.0
12084.1827287 0.0
12084.2102288 1.0
12087.2352459 1.0
12087.2627461 0.0
12087.7577489 0.0
12087.785249 1.0
12088.8577551 1.0
12088.8852553 0.0
12089.0502562 0.0
12089.0777564 1.0
12095.9527953 1.0
12095.9802954 0.0
12097.2728027 0.0
12097.3003029 1.0
12097.7678055 1.0
12097.7953057 0.0
12097.8228059 0.0
12097.850306 1.0
12101.6178273 1.0
12101.6453275 0.0
12101.7828283 0.0
12101.8103284 1.0
12102.2778311 1.0
12102.3053312 0.0
12102.6353331 0.0
12102.6628333 1.0
12103.4603378 1.0
12103.4878379 0.0
12104.202842 0.0
12104.2303421 1.0
12105.0278466 1.0
12105.0553468 0.0
12106.512855 0.0
12106.5403552 1.0
12107.39286 1.0
12107.4203602 0.0
12109.7578734 0.0
12109.7853736 1.0
12121.0054371 1.0
12121.0329372 0.0
12121.4729397 0.0
12121.5004399 1.0
12127.6879749 1.0
12127.7154751 0.0
12128.1829777 0.0
12128.2104779 1.0
12128.760481 1.0
12128.7879811 0.0
12129.2279836 0.0
12129.2554838 1.0
12131.5654969 1.0
12131.592997 0.0
12132.3630014 0.0
12132.3905015 1.0
12133.3805071 1.0
12133.4080073 0.0
12137.0105277 0.0
12137.0380278 1.0
12147.1030848 1.0
12147.130585 0.0
12147.1855853 0.0
12147.2130854 1.0
12150.7881057 1.0
12150.8156058 0.0
12150.9256064 0.0
12150.9531066 1.0
12152.9881181 1.0
12153.0156183 0.0
12153.153119 0.0
12153.1806192 1.0
12156.0956357 1.0
12156.1231359 0.0
12161.8156681 0.0
12161.8431682 1.0
12165.0606864 1.0
12165.0881866 0.0
12165.7756905 0.0
12165.8031906 1.0
12170.9182196 1.0
12170.9457198 0.0
12176.6932523 0.0
12176.7207524 1.0
12177.3807562 1.0
12177.4082563 0.0
12178.590763 0.0
12178.6182632 1.0
12184.2007948 1.0
12184.2282949 0.0
12184.2557951 1.0
12185.0532996 1.0
12185.0807998 0.0
12185.1633002 0.0
12185.1908004 1.0
12186.0158051 1.0
12186.0433052 0.0
12186.2083061 0.0
12186.2358063 1.0
12187.0883111 1.0
12187.1158113 0.0
12187.3358125 0.0
12187.3633127 1.0
12195.6133594 1.0
12195.6408595 0.0
12196.4658642 0.0
12196.4933644 1.0
12197.3458692 1.0
12197.3733693 0.0
12198.0608732 0.0
12198.0883734 1.0
12199.9858841 1.0
12200.0133843 0.0
12200.3433861 0.0
12200.3708863 1.0
12201.195891 1.0
12201.2233911 0.0
12201.4983927 0.0
12201.5258928 1.0
12204.5784101 1.0
12204.6059103 0.0
12204.7709112 0.0
12204.7984114 1.0
12205.3484145 1.0
12205.3759146 0.0
12206.2559196 0.0
12206.2834198 1.0
12207.2734254 1.0
12207.3009255 0.0
12208.2359308 0.0
12208.263431 1.0
12208.8684344 1.0
12208.8959346 0.0
12210.6284444 0.0
12210.6559445 1.0
12211.3709486 1.0
12211.3984487 0.0
12213.0759582 0.0
12213.1034584 1.0
12219.565995 1.0
12219.5934951 0.0
12221.4360055 0.0
12221.4635057 1.0
12222.3435107 1.0
12222.3710108 0.0
12224.351022 0.0
12224.3785222 1.0
12228.4485452 1.0
12228.4760454 0.0
12230.0160541 0.0
12230.0435543 1.0
12231.8310644 1.0
12231.8585645 0.0
12233.9760765 0.0
12234.0035767 1.0
12238.6786031 1.0
12238.7061033 0.0
12240.9061157 0.0
12240.9336159 1.0
12241.7861207 1.0
12241.8136209 0.0
12241.9786218 0.0
12242.006122 1.0
12243.7386318 1.0
12243.7661319 0.0
12244.0411335 0.0
12244.0686336 1.0
12245.718643 1.0
12245.7461431 0.0
12248.3036576 0.0
12248.3311578 1.0
12249.0461618 1.0
12249.073662 0.0
12250.0636676 0.0
12250.0911677 1.0
12251.2461743 1.0
12251.2736744 0.0
12252.0986791 0.0
12252.1261793 1.0
12255.3161973 1.0
12255.3436975 0.0
12256.0862017 0.0
12256.1137018 1.0
12256.7737056 1.0
12256.8012057 0.0
12259.9912238 0.0
12260.0187239 1.0
12262.4662378 1.0
12262.4937379 0.0
12264.3087482 0.0
12264.3362484 1.0
12264.9412518 1.0
12264.9687519 0.0
12266.1787588 0.0
12266.2062589 1.0
12267.9937691 1.0
12268.0212692 0.0
12268.5437722 0.0
12268.5712723 1.0
12272.6137952 1.0
12272.6412954 0.0
12272.6962957 0.0
12272.7237958 1.0
12276.2988161 1.0
12276.3263162 0.0
12277.4538226 0.0
12277.4813228 1.0
12278.8838307 1.0
12278.9113309 0.0
12279.1863324 0.0
12279.2138326 1.0
12280.341339 1.0
12280.3688391 0.0
12282.0738488 0.0
12282.1013489 1.0
12282.5413514 1.0
12282.5688516 0.0
12283.6413576 0.0
12283.6688578 1.0
12284.6038631 1.0
12284.6313632 0.0
12287.766381 0.0
12287.7938811 1.0
12289.9938936 1.0
12290.0213937 0.0
12293.4589132 0.0
12293.4864134 1.0
12294.1739173 1.0
12294.2014174 0.0
12294.476419 0.0
12294.5039191 1.0
12296.3464295 1.0
12296.3739297 0.0
12300.2789518 0.0
12300.306452 1.0
12302.0114616 1.0
12302.0389618 0.0
12302.9739671 0.0
12303.0014672 1.0
12303.8814722 1.0
12303.9089724 0.0
12308.7764999 0.0
12308.8040001 1.0
12309.5465043 1.0
12309.5740044 0.0
12311.9390178 0.0
12311.966518 1.0
12312.9290234 1.0
12312.9565236 0.0
12314.3040312 0.0
12314.3315313 1.0
12314.9090346 1.0
12314.9365348 0.0
12317.0815469 0.0
12317.1090471 1.0
12318.6215556 1.0
12318.6490558 0.0
12325.7715961 0.0
12325.7990963 1.0
12327.3941053 1.0
12327.4216054 0.0
12327.5591062 0.0
12327.5866064 1.0
12329.0441146 1.0
12329.0716148 0.0
12330.1991212 0.0
12330.2266213 1.0
12331.2166269 1.0
12331.2441271 0.0
12331.7391299 0.0
12331.76663 1.0
12335.3966506 1.0
12335.4241507 0.0
12344.6917032 0.0
12344.7192033 1.0
12345.5167079 1.0
12345.544208 0.0
12348.1017225 0.0
12348.1292227 1.0
12348.7342261 1.0
12348.7617262 0.0
12350.8792382 0.0
12350.9067384 1.0
12351.6767427 1.0
12351.7042429 0.0
12352.1167452 0.0
12352.1442454 1.0
12353.2992519 1.0
12353.3267521 0.0
12354.6467595 0.0
12354.6742597 1.0
12355.4717642 1.0
12355.4992644 0.0
12357.7817773 0.0
12357.8092774 1.0
12358.5242815 1.0
12358.5517816 0.0
12366.4993266 0.0
12366.5268268 1.0
12367.7643338 1.0
12367.7918339 0.0
12368.9743406 0.0
12369.0018408 1.0
12369.744345 1.0
12369.7718452 0.0
12371.504355 0.0
12371.5318551 1.0
12372.2743593 1.0
12372.3018595 0.0
12377.7468903 0.0
12377.7743904 1.0
12378.2143929 1.0
12378.2418931 0.0
12380.1394038 0.0
12380.166904 1.0
12380.8269077 1.0
12380.8544079 0.0
12385.7494356 0.0
12385.7769357 1.0
12386.711941 1.0
12386.7394412 0.0
12404.6420425 0.0
12404.6695427 1.0
12405.2745461 1.0
12405.3020463 0.0
12406.3745523 0.0
12406.4020525 1.0
12407.1445567 1.0
12407.1720568 0.0
12409.7845716 0.0
12409.8120718 1.0
12410.6920768 1.0
12410.7195769 0.0
12418.2821197 0.0
12418.3096199 1.0
12418.8321228 1.0
12418.859623 0.0
12439.0722374 0.0
12439.0997376 1.0
12439.5672402 1.0
12439.5947404 0.0
12442.7572583 0.0
12442.7847584 1.0
12443.5272626 1.0
12443.5547628 0.0
12452.7398148 0.0
12452.7673149 1.0
12453.2898179 1.0
12453.317318 0.0
12466.5723931 0.0
12466.5998932 1.0
12467.3423974 1.0
12467.3698976 0.0
12480.6249726 0.0
12480.6524728 1.0
12481.752479 1.0
12481.7799791 0.0
12481.8624796 0.0
12481.8899798 1.0
12482.5224833 1.0
12482.5499835 0.0
12495.6675578 0.0
12495.6950579 1.0
12496.4925624 1.0
12496.5200626 0.0
12510.6001423 0.0
12510.6276424 1.0
12511.5901479 1.0
12511.617648 0.0
12511.7551488 0.0
12511.782649 1.0
12512.2226515 1.0
12512.2501516 0.0
12517.5851818 0.0
12517.612682 1.0
12518.2176854 1.0
12518.2451855 0.0
12525.8627287 0.0
12525.8902288 1.0
12527.0177352 1.0
12527.0452354 0.0
12537.0827922 0.0
12537.1102923 1.0
12537.577795 1.0
12537.6052951 0.0
12541.4278168 0.0
12541.4553169 1.0
12542.7753244 1.0
12542.8028245 0.0
12543.7928302 0.0
12543.8203303 1.0
12544.287833 1.0
12544.3153331 0.0
12554.1328887 0.0
12554.1603888 1.0
12554.7928924 1.0
12554.8203926 0.0
12557.3229067 0.0
12557.3504069 1.0
12558.8354153 1.0
12558.8629155 0.0
12559.3029179 0.0
12559.3304181 1.0
12559.8804212 1.0
12559.9079214 0.0
12562.7954377 0.0
12562.8229379 1.0
12563.2904405 1.0
12563.3179407 0.0
12570.7704828 0.0
12570.797983 1.0
12571.2379855 1.0
12571.2654857 0.0
12573.5204984 0.0
12573.5479986 1.0
12575.2255081 1.0
12575.2530082 0.0
12575.6105102 0.0
12575.6380104 1.0
12576.1605134 1.0
12576.1880135 0.0
12579.1580303 0.0
12579.1855305 1.0
12579.6805333 1.0
12579.7080334 0.0
12580.7805395 0.0
12580.8080397 1.0
12581.3855429 1.0
12581.4130431 0.0
12584.2730593 0.0
12584.3005594 1.0
12584.8780627 1.0
12584.9055629 0.0
12585.8680683 0.0
12585.8955685 1.0
12586.8855741 1.0
12586.9130742 0.0
12588.8930854 0.0
12588.9205856 1.0
12589.3880882 1.0
12589.4155884 0.0
12589.6630898 0.0
12589.6905899 1.0
12592.7431072 1.0
12592.7706074 0.0
12593.760613 0.0
12593.7881131 1.0
12594.2281156 1.0
12594.2556158 0.0
12594.8056189 0.0
12594.833119 1.0
12596.1806267 1.0
12596.2081268 0.0
12597.8856363 0.0
12597.9131365 1.0
12598.8481418 1.0
12598.8756419 0.0
12601.2956556 0.0
12601.3231558 1.0
12602.3131614 1.0
12602.3406615 0.0
12604.1281717 0.0
12604.1556718 1.0
12605.2831782 1.0
12605.3106784 0.0
12606.6856861 0.0
12606.7131863 1.0
12609.0231994 1.0
12609.0506995 0.0
12609.7382034 0.0
12609.7657036 1.0
12610.2332062 1.0
12610.2607064 0.0
12610.6457086 0.0
12610.6732087 1.0
12612.0207163 1.0
12612.0482165 0.0
12614.0007275 0.0
12614.0282277 1.0
12615.8982383 1.0
12615.9257384 0.0
12617.438247 0.0
12617.4657472 1.0
12619.033256 1.0
12619.0607562 0.0
12619.4732585 0.0
12619.5007587 1.0
12619.9957615 1.0
12620.0232616 0.0
12620.7382657 0.0
12620.7657658 1.0
12622.4157752 1.0
12622.4432753 0.0
12622.8007774 0.0
12622.8282775 1.0
12623.3232803 1.0
12623.3507805 0.0
12624.0382844 0.0
12624.0657845 1.0
12626.9533009 1.0
12626.980801 0.0
12627.7508054 0.0
12627.7783055 1.0
12630.2258194 1.0
12630.2533195 0.0
12631.2708253 0.0
12631.2983255 1.0
12633.9108402 1.0
12633.9383404 0.0
12634.3233426 0.0
12634.3508427 1.0
12634.7908452 1.0
12634.8183454 0.0
12635.0658468 0.0
12635.0933469 1.0
12637.4308602 1.0
12637.4583603 0.0
12638.4483659 0.0
12638.4758661 1.0
12639.2458704 1.0
12639.2733706 0.0
12639.4933718 0.0
12639.520872 1.0
12645.0759034 1.0
12645.1034036 0.0
12647.4409168 0.0
12647.468417 1.0
12649.7509299 1.0
12649.7784301 0.0
12650.5484344 0.0
12650.5759346 1.0
12653.0784487 1.0
12653.1059489 0.0
12653.6284518 0.0
12653.655952 1.0
12654.1234546 1.0
12654.1509548 0.0
12655.2234609 0.0
12655.250961 1.0
12658.0559769 1.0
12658.0834771 0.0
12658.6884805 0.0
12658.7159806 1.0
12661.8509984 1.0
12661.8784985 0.0
12663.1710059 0.0
12663.198506 1.0
12663.6935088 1.0
12663.721009 0.0
12664.078511 0.0
12664.1060111 1.0
12666.5260248 1.0
12666.553525 0.0
12667.1310283 0.0
12667.1585284 1.0
12669.908544 1.0
12669.9360441 0.0
12670.1835455 0.0
12670.2110457 1.0
12671.2835518 1.0
12671.3110519 0.0
12671.3385521 0.0
12671.3660522 1.0
12671.8335549 1.0
12671.861055 0.0
12673.5660647 0.0
12673.5935649 1.0
12676.0410787 1.0
12676.0685789 0.0
12676.096079 0.0
12676.1235792 1.0
12678.6810936 1.0
12678.7085938 0.0
12681.1286075 0.0
12681.1561077 1.0
12699.416211 1.0
12699.4437112 0.0
12699.9112138 0.0
12699.938714 1.0
12701.9462253 1.0
12701.9737255 0.0
12702.9362309 0.0
12702.9637311 1.0
12704.8612418 1.0
12704.888742 0.0
12705.6312462 0.0
12705.6587463 1.0
12708.5462627 1.0
12708.5737628 0.0
12709.4262677 0.0
12709.4537678 1.0
12712.0112823 1.0
12712.0387825 0.0
12712.5612854 0.0
12712.5887856 1.0
12713.8262926 1.0
12713.8537927 0.0
12714.2937952 0.0
12714.3212954 1.0
12714.8987986 1.0
12714.9262988 0.0
12715.9438046 0.0
12715.9713047 1.0
12718.1988173 1.0
12718.2263175 0.0
12718.3363181 0.0
12718.3638183 1.0
12718.8863212 1.0
12718.9138214 0.0
12719.3263237 0.0
12719.3538239 1.0
12721.3338351 1.0
12721.3613352 0.0
12721.9113383 0.0
12721.9388385 1.0
12723.1488453 1.0
12723.1763455 0.0
12723.8088491 0.0
12723.8363492 1.0
12724.4138525 1.0
12724.4413527 0.0
12724.7438544 0.0
12724.7713545 1.0
12726.2013626 1.0
12726.2288628 0.0
12726.3113632 0.0
12726.3388634 1.0
12729.1163791 1.0
12729.1438793 0.0
12729.5838818 0.0
12729.6113819 1.0
12731.4538924 1.0
12731.4813925 0.0
12732.5263984 0.0
12732.5538986 1.0
12732.9939011 1.0
12733.0214012 0.0
12736.2389194 0.0
12736.2664196 1.0
12738.9339347 1.0
12738.9614348 0.0
12740.1439415 0.0
12740.1714417 1.0
12741.986452 1.0
12742.0139521 0.0
12742.7564563 0.0
12742.7839565 1.0
12743.223959 1.0
12743.2514591 0.0
12743.8564626 0.0
12743.8839627 1.0
12745.341471 1.0
12745.3689711 0.0
12747.8714853 0.0
12747.8989854 1.0
12750.0714977 1.0
12750.0989979 0.0
12750.9790029 0.0
12751.006503 1.0
12752.6840125 1.0
12752.7115127 0.0
12759.0915488 0.0
12759.1190489 1.0
12760.6590577 1.0
12760.6865578 0.0
12762.1990664 0.0
12762.2265665 1.0
12764.9215818 1.0
12764.9490819 0.0
12769.5691081 0.0
12769.5966082 1.0
12772.0166219 1.0
12772.0441221 0.0
12773.6391311 0.0
12773.6666313 1.0
12774.9316384 1.0
12774.9591386 0.0
12782.3016802 0.0
12782.3291803 1.0
12784.7766942 1.0
12784.8041943 0.0
12785.3266973 0.0
12785.3541974 1.0
12786.4542037 1.0
12786.4817038 0.0
12790.2492251 0.0
12790.2767253 1.0
12790.8542286 1.0
12790.8817287 0.0
12792.2842367 0.0
12792.3117368 1.0
12793.7967452 1.0
12793.8242454 0.0
12794.291748 0.0
12794.3192482 1.0
12795.3092538 1.0
12795.3367539 0.0
12796.3267595 0.0
12796.3542597 1.0
12798.2792706 1.0
12798.3067708 0.0
12798.6367726 0.0
12798.6642728 1.0
12800.3967826 1.0
12800.4242827 0.0
12802.2942933 0.0
12802.3217935 1.0
12802.7892961 1.0
12802.8167963 0.0
12803.6143008 0.0
12803.641801 1.0
12805.0993092 1.0
12805.1268094 0.0
12806.5843176 0.0
12806.6118178 1.0
12807.4368224 1.0
12807.4643226 0.0
12807.6293235 0.0
12807.6568237 1.0
12809.1693322 1.0
12809.1968324 0.0
12809.5543344 0.0
12809.5818346 1.0
12810.3518389 1.0
12810.3793391 0.0
12812.6893522 0.0
12812.7168523 1.0
12813.2118551 1.0
12813.2393553 0.0
12814.0643599 0.0
12814.0918601 1.0
12814.5593627 1.0
12814.5868629 0.0
12819.1243886 0.0
12819.1518887 1.0
12819.8118925 1.0
12819.8393926 0.0
12820.1143942 0.0
12820.1418943 1.0
12820.9118987 1.0
12820.9393989 0.0
12822.0669052 0.0
12822.0944054 1.0
12822.7544091 1.0
12822.7819093 0.0
12824.1569171 0.0
12824.1844172 1.0
12825.3394238 1.0
12825.3669239 0.0
12830.8944552 0.0
12830.9219554 1.0
12832.5169644 1.0
12832.5444645 0.0
12833.3144689 0.0
12833.3419691 1.0
12833.8919722 1.0
12833.9194723 0.0
12834.8269775 0.0
12834.8544776 1.0
12835.4319809 1.0
12835.459481 0.0
12836.8069887 0.0
12836.8344888 1.0
12837.4669924 1.0
12837.4944926 0.0
12841.3445144 0.0
12841.3720145 1.0
12842.4995209 1.0
12842.5270211 0.0
12844.8370341 0.0
12844.8645343 1.0
12846.9820463 1.0
12847.0095464 0.0
12847.8620512 0.0
12847.8895514 1.0
12848.3845542 1.0
12848.4120544 0.0
12849.8695626 0.0
12849.8970628 1.0
12850.474566 1.0
12850.5020662 0.0
12850.639567 0.0
12850.6670671 1.0
12851.3820712 1.0
12851.4095713 0.0
12857.349605 0.0
12857.3771051 1.0
12857.8721079 1.0
12857.8996081 0.0
12858.3121104 0.0
12858.3396106 1.0
12858.779613 1.0
12858.8071132 0.0
12861.1721266 0.0
12861.1996267 1.0
12862.2171325 1.0
12862.2446327 0.0
12863.5921403 0.0
12863.6196404 1.0
12864.9121478 1.0
12864.9396479 0.0
12866.1771549 0.0
12866.2046551 1.0
12867.7171636 1.0
12867.7446638 0.0
12868.8171699 0.0
12868.84467 1.0
12869.5046738 1.0
12869.5321739 0.0
12870.7421808 0.0
12870.7696809 1.0
12871.3471842 1.0
12871.3746843 0.0
12871.8696871 0.0
12871.8971873 1.0
12873.5746968 1.0
12873.6021969 0.0
12880.0372334 0.0
12880.0647335 1.0
12881.2747404 1.0
12881.3022405 0.0
12881.3572408 0.0
12881.384741 1.0
12884.1347566 1.0
12884.1622567 0.0
12884.4372583 0.0
12884.4647584 1.0
12886.2247684 1.0
12886.2522685 0.0
12887.5447759 0.0
12887.572276 1.0
12891.5322984 1.0
12891.5597986 0.0
12892.6323047 0.0
12892.6598048 1.0
12894.4198148 1.0
12894.4473149 0.0
12895.877323 0.0
12895.9048232 1.0
12896.3448257 1.0
12896.3723258 0.0
12897.8573342 0.0
12897.8848344 1.0
12898.352337 1.0
12898.3798372 0.0
12899.754845 0.0
12899.7823451 1.0
12901.1298528 1.0
12901.1573529 0.0
12901.9548574 0.0
12901.9823576 1.0
12903.3573654 1.0
12903.3848655 0.0
12904.0723694 0.0
12904.0998696 1.0
12904.5673722 1.0
12904.5948724 0.0
12905.1723756 0.0
12905.1998758 1.0
12905.94238 1.0
12905.9698802 0.0
12906.2173816 0.0
12906.2448817 1.0
12906.7398845 1.0
12906.7673847 0.0
12908.417394 0.0
12908.4448942 1.0
12908.939897 1.0
12908.9673971 0.0
12909.4348998 0.0
12909.4623999 1.0
12911.1949097 1.0
12911.2224099 0.0
12912.9549197 0.0
12912.9824198 1.0
12913.4774226 1.0
12913.5049228 0.0
12915.2649328 0.0
12915.2924329 1.0
12919.5274569 1.0
12919.554957 0.0
12919.6649577 0.0
12919.6924578 1.0
12921.4799679 1.0
12921.5074681 0.0
12921.5899686 0.0
12921.6174687 1.0
12923.8449813 1.0
12923.8724815 0.0
12924.5324852 0.0
12924.5599854 1.0
12927.9150044 1.0
12927.9425045 0.0
12929.3725126 0.0
12929.4000128 1.0
12930.5275192 1.0
12930.5550193 0.0
12931.5175248 0.0
12931.5450249 1.0
12932.1225282 1.0
12932.1500283 0.0
12934.21254 0.0
12934.2400402 1.0
12934.6800427 1.0
12934.7075428 0.0
12936.9075553 0.0
12936.9350554 1.0
12937.4025581 1.0
12937.4300582 0.0
12937.8425606 0.0
12937.8700607 1.0
12939.1900682 1.0
12939.2175683 0.0
12939.4100694 0.0
12939.4375696 1.0
12940.3450747 1.0
12940.3725749 0.0
12940.7025767 0.0
12940.7300769 1.0
12941.8850834 1.0
12941.9125836 0.0
12942.4625867 0.0
12942.4900869 1.0
12942.9575895 1.0
12942.9850897 0.0
12945.2951027 0.0
12945.3226029 1.0
12947.0276125 1.0
12947.0551127 0.0
12947.4951152 0.0
12947.5226154 1.0
12948.7876225 1.0
12948.8151227 0.0
12949.1176244 0.0
12949.1451245 1.0
12950.4376319 1.0
12950.465132 0.0
12950.6301329 0.0
12950.6576331 1.0
12952.0051407 1.0
12952.0326409 0.0
12953.0501466 0.0
12953.0776468 1.0
12959.8701852 1.0
12959.8976854 0.0
12960.172687 0.0
12960.2001871 1.0
12960.6951899 1.0
12960.7226901 0.0
12961.245193 0.0
12961.2726932 1.0
12962.647701 1.0
12962.6752011 0.0
12963.2802045 0.0
12963.3077047 1.0
12965.0677147 1.0
12965.0952148 0.0
12965.6452179 0.0
12965.6727181 1.0
12967.3502276 1.0
12967.3777277 0.0
12967.6252291 0.0
12967.6527293 1.0
12970.4577452 1.0
12970.4852453 0.0
12971.31025 0.0
12971.3377501 1.0
12975.902776 1.0
12975.9302761 0.0
12976.1502774 0.0
12976.1777775 1.0
12977.4427847 1.0
12977.4702849 0.0
12977.9927878 0.0
12978.020288 1.0
12980.5228021 1.0
12980.5503023 0.0
12981.8153095 0.0
12981.8428096 1.0
12983.6028196 1.0
12983.6303197 0.0
12985.1153281 0.0
12985.1428283 1.0
12986.0228333 1.0
12986.0503334 0.0
12991.7153655 0.0
12991.7428656 1.0
12992.5678703 1.0
12992.5953705 0.0
12993.3103745 0.0
12993.3378747 1.0
12998.5354041 1.0
12998.5629043 0.0
12999.8279114 0.0
12999.8554116 1.0
13001.2579195 1.0
13001.2854197 0.0
13002.6879276 0.0
13002.7154278 1.0
13014.595495 1.0
13014.6229952 0.0
13016.9330082 0.0
13016.9605084 1.0
13018.1155149 1.0
13018.1430151 0.0
13018.1705152 1.0
13018.7205183 1.0
13018.7480185 0.0
13019.188021 0.0
13019.2155211 1.0
13019.9855255 1.0
13020.0130257 0.0
13021.8555361 0.0
13021.8830362 1.0
13024.5505513 1.0
13024.5780515 0.0
13026.4480621 0.0
13026.4755622 1.0
13029.968082 1.0
13029.9955822 0.0
13032.2230948 0.0
13032.2505949 1.0
13036.9531215 1.0
13036.9806217 0.0
13038.1356282 0.0
13038.1631284 1.0
13046.8806777 1.0
13046.9081779 0.0
13048.8881891 0.0
13048.9156893 1.0
13050.3731975 1.0
13050.4006977 0.0
13053.6732162 0.0
13053.7007163 1.0
13059.5307493 1.0
13059.5582495 0.0
13062.7757677 0.0
13062.8032679 1.0
13075.1783379 1.0
13075.2058381 0.0
13076.2233438 0.0
13076.250844 1.0
13076.965848 1.0
13076.9933482 0.0
13077.7358524 0.0
13077.7633525 1.0
13086.4534017 1.0
13086.4809019 0.0
13086.7284033 0.0
13086.7559034 1.0
13112.4960491 1.0
13112.5235493 0.0
13112.5510494 1.0
13113.348554 1.0
13113.3760541 0.0
13113.6510557 0.0
13113.6785558 1.0
13114.4485602 1.0
13114.4760603 0.0
13114.5035605 0.0
13114.5310607 1.0
13115.658567 1.0
13115.6860672 0.0
13119.0685863 0.0
13119.0960865 1.0
13175.0314031 1.0
13175.0589033 0.0
13175.5264059 0.0
13175.5539061 1.0
13176.2139098 1.0
13176.24141 0.0
13176.6539123 0.0
13176.6814124 1.0
13177.7814187 1.0
13177.8089188 0.0
13178.1114205 0.0
13178.1389207 1.0
13499.9732423 1.0
13500.0007425 1.0
