7999.99711125 1.0
8001.61962044 1.0
8001.64712059 0.0
8001.67462075 1.0
8001.89462199 1.0
8001.92212215 0.0
8001.94962231 1.0
8003.79213273 1.0
8003.81963289 0.0
8003.84713305 1.0
8004.06713429 1.0
8004.09463445 0.0
8005.19464067 0.0
8005.22214083 1.0
8005.93714488 1.0
8005.96464503 0.0
8005.99214519 0.0
8006.01964534 1.0
8006.45964783 1.0
8006.48714799 0.0
8006.5421483 0.0
8006.56964846 1.0
8007.44965344 1.0
8007.47715359 0.0
8008.60465997 0.0
8008.63216013 1.0
8010.41967025 1.0
8010.4471704 0.0
8012.72968332 0.0
8012.75718348 1.0
8013.41718721 1.0
8013.44468737 0.0
8014.18719157 0.0
8014.21469173 1.0
8016.57970511 1.0
8016.60720527 0.0
8016.63470543 0.0
8016.66220558 1.0
8017.18470854 1.0
8017.21220869 0.0
8017.62471103 0.0
8017.65221119 1.0
8018.33971508 1.0
8018.36721523 0.0
8018.47721585 0.0
8018.50471601 1.0
8019.16471975 1.0
8019.1922199 0.0
8019.32972068 0.0
8019.35722084 1.0
8020.78722893 1.0
8020.81472909 0.0
8022.21723702 0.0
8022.24473718 1.0
8023.31724325 1.0
8023.34474341 0.0
8023.92224667 0.0
8023.94974683 1.0
8026.72726255 1.0
8026.75476271 0.0
8026.91976364 0.0
8026.9472638 1.0
8027.689768 1.0
8027.71726816 0.0
8027.85476893 0.0
8027.88226909 1.0
8028.56977298 1.0
8028.59727314 0.0
8028.78977423 0.0
8028.81727438 1.0
8029.28477703 1.0
8029.31227718 0.0
8029.44977796 0.0
8029.47727812 1.0
8031.29228839 1.0
8031.31978855 0.0
8031.37478886 0.0
8031.40228901 1.0
8032.03479259 1.0
8032.06229275 0.0
8033.13479882 0.0
8033.16229898 1.0
8033.7673024 1.0
8033.79480256 0.0
8034.06980411 0.0
8034.09730427 1.0
8034.42730614 1.0
8034.45480629 0.0
8035.4448119 0.0
8035.47231205 1.0
8036.98482061 1.0
8037.01232077 0.0
8037.12232139 0.0
8037.14982155 1.0
8037.86482559 1.0
8037.89232575 0.0
8038.19482746 0.0
8038.22232762 1.0
8039.12983275 1.0
8039.15733291 0.0
8039.8448368 0.0
8039.87233696 1.0
8040.3398396 1.0
8040.36733976 0.0
8041.41234567 0.0
8041.43984583 1.0
8042.18235003 1.0
8042.20985019 0.0
8043.03485486 0.0
8043.06235501 1.0
8043.44735719 1.0
8043.47485735 0.0
8043.85985953 0.0
8043.88735968 1.0
8046.96737712 1.0
8046.99487727 0.0
8047.24237867 0.0
8047.26987883 1.0
8048.91988817 1.0
8048.94738832 0.0
8050.87239922 0.0
8050.89989937 1.0
8051.44990249 1.0
8051.47740264 0.0
8052.35740762 0.0
8052.38490778 1.0
8052.68740949 1.0
8052.71490965 0.0
8054.33741883 0.0
8054.36491899 1.0
8055.62992615 1.0
8055.6574263 0.0
8056.28992988 0.0
8056.31743004 1.0
8057.3349358 1.0
8057.36243595 0.0
8058.07744 0.0
8058.10494016 1.0
8058.43494202 1.0
8058.46244218 0.0
8058.68244343 0.0
8058.70994358 1.0
8059.0674456 1.0
8059.09494576 0.0
8060.77245526 0.0
8060.79995541 1.0
8061.2399579 1.0
8061.26745806 0.0
8061.45995915 0.0
8061.4874593 1.0
8062.00996226 1.0
8062.03746242 0.0
8062.25746366 0.0
8062.28496382 1.0
8062.72496631 1.0
8062.75246646 0.0
8063.87997284 0.0
8063.907473 1.0
8065.8324839 1.0
8065.85998405 0.0
8067.17999152 0.0
8067.20749168 1.0
8067.70249448 1.0
8067.72999464 0.0
8067.83999526 0.0
8067.86749541 1.0
8068.27999775 1.0
8068.30749791 0.0
8069.71000584 0.0
8069.737506 1.0
8070.28750911 1.0
8070.31500927 0.0
8070.59001082 0.0
8070.61751098 1.0
8070.94751285 1.0
8070.975013 0.0
8071.33251503 0.0
8071.36001518 1.0
8071.71751721 1.0
8071.74501736 0.0
8071.80001767 0.0
8071.82751783 1.0
8072.84502359 1.0
8072.87252374 0.0
8072.9000239 0.0
8072.92752406 1.0
8073.56002764 1.0
8073.58752779 0.0
8074.46753277 0.0
8074.49503293 1.0
8074.77003448 1.0
8074.79753464 0.0
8076.69504538 0.0
8076.72254554 1.0
8077.19004818 1.0
8077.21754834 0.0
8077.43754958 0.0
8077.46504974 1.0
8078.07005316 1.0
8078.09755332 0.0
8078.26255425 0.0
8078.29005441 1.0
8078.7300569 1.0
8078.75755706 0.0
8079.06005877 0.0
8079.08755892 1.0
8079.39006064 1.0
8079.41756079 0.0
8080.43506655 0.0
8080.46256671 1.0
8081.06757013 1.0
8081.09507029 0.0
8081.1500706 0.0
8081.17757075 1.0
8082.08507589 1.0
8082.11257605 0.0
8082.30507713 0.0
8082.33257729 1.0
8082.77257978 1.0
8082.80007994 0.0
8083.02008118 0.0
8083.04758134 1.0
8084.01008679 1.0
8084.03758694 0.0
8084.14758756 0.0
8084.17508772 1.0
8084.5600899 1.0
8084.58759005 0.0
8084.91759192 0.0
8084.94509208 1.0
8085.41259472 1.0
8085.44009488 0.0
8086.59510142 0.0
8086.62260157 1.0
8088.24511076 1.0
8088.27261091 0.0
8088.52011231 0.0
8088.54761247 1.0
8088.82261403 1.0
8088.85011418 0.0
8089.09761558 0.0
8089.12511574 1.0
8089.84011978 1.0
8089.86761994 0.0
8089.95012041 0.0
8089.97762056 1.0
8090.25262212 1.0
8090.28012228 0.0
8090.58262399 0.0
8090.61012414 1.0
8091.10512695 1.0
8091.1326271 0.0
8091.35262835 0.0
8091.3801285 1.0
8091.65513006 1.0
8091.68263021 0.0
8091.79263084 0.0
8091.82013099 1.0
8092.04013224 1.0
8092.06763239 0.0
8092.31513379 0.0
8092.34263395 1.0
8093.60764111 1.0
8093.63514127 0.0
8093.82764236 0.0
8093.85514251 1.0
8094.43264578 1.0
8094.46014594 0.0
8094.81764796 0.0
8094.84514811 1.0
8095.12014967 1.0
8095.14764983 0.0
8095.17514998 0.0
8095.20265014 1.0
8095.58765232 1.0
8095.61515247 0.0
8095.7251531 0.0
8095.75265325 1.0
8097.84266508 1.0
8097.87016524 0.0
8098.03516617 0.0
8098.06266633 1.0
8099.24517302 1.0
8099.27267318 0.0
8099.41017395 0.0
8099.43767411 1.0
8100.04267753 1.0
8100.07017769 0.0
8100.29017893 0.0
8100.31767909 1.0
8102.16018952 1.0
8102.18768967 0.0
8103.09519481 0.0
8103.12269497 1.0
8104.74520415 1.0
8104.77270431 0.0
8104.88270493 0.0
8104.91020508 1.0
8105.79021007 1.0
8105.81771022 0.0
8106.61521474 0.0
8106.64271489 1.0
8107.38521909 1.0
8107.41271925 0.0
8107.8802219 0.0
8107.90772205 1.0
8108.92522781 1.0
8108.95272797 0.0
8109.1177289 0.0
8109.14522906 1.0
8110.76773824 1.0
8110.7952384 0.0
8110.85023871 0.0
8110.87773886 1.0
8111.62024307 1.0
8111.64774322 0.0
8111.785244 0.0
8111.81274415 1.0
8113.84775567 1.0
8113.87525583 0.0
8114.01275661 0.0
8114.04025676 1.0
8117.42277591 1.0
8117.45027606 0.0
8118.00027918 0.0
8118.02777933 1.0
8118.38528136 1.0
8118.41278151 0.0
8118.74278338 0.0
8118.77028354 1.0
8119.15528572 1.0
8119.18278587 0.0
8119.37528696 0.0
8119.40278712 1.0
8119.70528883 1.0
8119.73278898 0.0
8119.98029038 0.0
8120.00779054 1.0
8121.60279957 1.0
8121.63029972 0.0
8121.96030159 0.0
8121.98780175 1.0
8126.19532556 1.0
8126.22282572 0.0
8126.30532619 0.0
8126.33282634 1.0
8126.74532868 1.0
8126.77282883 0.0
8126.8553293 0.0
8126.88282945 1.0
8128.12033646 1.0
8128.14783662 0.0
8128.39533802 0.0
8128.42283817 1.0
8129.68784533 1.0
8129.71534549 0.0
8130.12784782 0.0
8130.15534798 1.0
8130.43034953 1.0
8130.45784969 0.0
8131.0078528 0.0
8131.03535296 1.0
8131.31035452 1.0
8131.33785467 0.0
8131.61285623 0.0
8131.64035638 1.0
8139.80790261 1.0
8139.83540277 0.0
8139.89040308 0.0
8139.91790324 1.0
8140.19290479 1.0
8140.22040495 0.0
8140.60540713 0.0
8140.63290728 1.0
8153.03547748 1.0
8153.06297764 0.0
8153.25547873 0.0
8153.28297889 1.0
8204.81827059 1.0
8204.84577074 0.0
8205.28577323 0.0
8205.31327339 1.0
8205.6157751 1.0
8205.64327526 0.0
8206.57828055 0.0
8206.6057807 1.0
8207.56828615 1.0
8207.59578631 0.0
8208.83329331 0.0
8208.86079347 1.0
8209.19079534 1.0
8209.21829549 0.0
8209.98829985 0.0
8210.01580001 1.0
8210.26330141 1.0
8210.29080156 0.0
8210.75830421 0.0
8210.78580436 1.0
8211.06080592 1.0
8211.08830608 0.0
8211.11580623 0.0
8211.14330639 1.0
8215.37833036 1.0
8215.40583051 0.0
8215.70833223 0.0
8215.73583238 1.0
8217.68834343 1.0
8217.71584359 0.0
8218.2658467 0.0
8218.29334686 1.0
8222.22586912 1.0
8222.25336927 0.0
8222.55587099 0.0
8222.58337114 1.0
8247.60851279 1.0
8247.63601294 0.0
8247.9110145 0.0
8247.93851466 1.0
8248.24101637 1.0
8248.26851652 0.0
8248.48851777 0.0
8248.51601793 1.0
8249.53352369 1.0
8249.56102384 0.0
8249.91852586 0.0
8249.94602602 1.0
8250.35852835 1.0
8250.38602851 0.0
8250.5785296 0.0
8250.60602976 1.0
8251.37603411 1.0
8251.40353427 0.0
8251.59603536 0.0
8251.62353552 1.0
8252.09103816 1.0
8252.11853832 0.0
8252.44854018 0.0
8252.47604034 1.0
8253.02604345 1.0
8253.05354361 0.0
8253.63104688 0.0
8253.65854703 1.0
8256.4085626 1.0
8256.43606276 0.0
8256.51856322 0.0
8256.54606338 1.0
8267.54612564 1.0
8267.5736258 0.0
8267.60112595 1.0
8268.12362891 1.0
8268.15112906 0.0
8268.61863171 0.0
8268.64613187 1.0
8268.94863358 1.0
8268.97613373 0.0
8269.03113405 0.0
8269.0586342 1.0
8269.49863669 1.0
8269.52613685 0.0
8269.63613747 0.0
8269.66363763 1.0
8269.91113903 1.0
8269.93863918 0.0
8270.54364261 0.0
8270.57114276 1.0
8271.89115023 1.0
8271.91865039 0.0
8272.30365257 0.0
8272.33115272 1.0
8286.16373102 1.0
8286.19123118 0.0
8286.43873258 0.0
8286.46623273 1.0
8286.98873569 1.0
8287.01623585 0.0
8287.2912374 0.0
8287.31873756 1.0
8294.13877616 1.0
8294.16627632 0.0
8294.22127663 0.0
8294.24877678 1.0
8294.60627881 1.0
8294.63377896 0.0
8294.77127974 0.0
8294.7987799 1.0
8299.25380511 1.0
8299.28130527 0.0
8299.74880791 0.0
8299.77630807 1.0
8300.05130963 1.0
8300.07880978 0.0
8300.13381009 0.0
8300.16131025 1.0
8300.54631243 1.0
8300.57381258 0.0
8300.68381321 0.0
8300.71131336 1.0
8311.24387298 1.0
8311.27137314 0.0
8311.71137563 0.0
8311.73887578 1.0
8317.12890629 1.0
8317.15640645 0.0
8317.23890691 0.0
8317.26640707 1.0
8325.40645314 1.0
8325.4339533 0.0
8325.76395517 0.0
8325.79145532 1.0
8326.03895672 1.0
8326.06645688 0.0
8326.45145906 0.0
8326.47895921 1.0
8327.00146217 1.0
8327.02896233 0.0
8327.41396451 0.0
8327.44146466 1.0
8327.71646622 1.0
8327.74396637 0.0
8327.77146653 1.0
8329.94397883 1.0
8329.97147898 0.0
8330.32898101 0.0
8330.35648116 1.0
8333.13399688 1.0
8333.16149704 0.0
8333.27149766 0.0
8333.29899782 1.0
8333.73900031 1.0
8333.76650046 0.0
8333.9315014 0.0
8333.95900155 1.0
8338.77152879 1.0
8338.79902895 0.0
8338.96402988 0.0
8338.99153004 1.0
8339.23903144 1.0
8339.26653159 0.0
8339.32153191 0.0
8339.34903206 1.0
8339.62403362 1.0
8339.65153377 0.0
8339.78903455 0.0
8339.81653471 1.0
8340.14653657 1.0
8340.17403673 0.0
8340.20153689 0.0
8340.22903704 1.0
8342.34654903 1.0
8342.37404918 0.0
8343.39155494 0.0
8343.4190551 1.0
8345.12406475 1.0
8345.1515649 0.0
8345.92156926 0.0
8345.94906942 1.0
8346.8290744 1.0
8346.85657456 0.0
8346.88407471 0.0
8346.91157487 1.0
8347.26907689 1.0
8347.29657705 0.0
8347.68157922 0.0
8347.70907938 1.0
8347.92908063 1.0
8347.95658078 0.0
8348.0665814 0.0
8348.09408156 1.0
8348.94658639 1.0
8348.97408654 0.0
8349.30408841 0.0
8349.33158856 1.0
8350.32159417 1.0
8350.34909432 0.0
8350.87159728 0.0
8350.89909744 1.0
8352.63160724 1.0
8352.6591074 0.0
8352.87910864 0.0
8352.9066088 1.0
8353.59411269 1.0
8353.62161285 0.0
8354.28161658 0.0
8354.30911674 1.0
8357.66413573 1.0
8357.69163588 0.0
8358.10413822 0.0
8358.13163837 1.0
8358.51664055 1.0
8358.54414071 0.0
8358.65414133 0.0
8358.68164149 1.0
8360.33165083 1.0
8360.35915098 0.0
8361.45915721 0.0
8361.48665736 1.0
8362.20166141 1.0
8362.22916157 0.0
8363.43916842 0.0
8363.46666857 1.0
8365.63918087 1.0
8365.66668102 0.0
8365.83168196 0.0
8365.85918211 1.0
8366.13418367 1.0
8366.16168383 0.0
8366.24418429 0.0
8366.27168445 1.0
8366.51918585 1.0
8366.54668601 0.0
8366.84918772 0.0
8366.87668787 1.0
8367.15168943 1.0
8367.17918959 0.0
8367.2341899 0.0
8367.26169005 1.0
8367.61919208 1.0
8367.64669223 0.0
8368.14169503 0.0
8368.16919519 1.0
8368.4716969 1.0
8368.49919706 0.0
8368.55419737 0.0
8368.58169752 1.0
8370.23170686 1.0
8370.25920702 0.0
8371.08421169 0.0
8371.11171184 1.0
8371.46921387 1.0
8371.49671402 0.0
8371.6342148 0.0
8371.66171496 1.0
8372.26671838 1.0
8372.29421854 0.0
8372.45921947 0.0
8372.48671963 1.0
8373.3117243 1.0
8373.33922445 0.0
8373.36672461 1.0
8373.66922632 1.0
8373.69672648 0.0
8374.3017299 0.0
8374.32923006 1.0
8374.65923192 1.0
8374.68673208 0.0
8374.71423224 1.0
8375.07173426 1.0
8375.09923442 0.0
8375.23673519 0.0
8375.26423535 1.0
8377.24424656 1.0
8377.27174671 0.0
8377.76674951 0.0
8377.79424967 1.0
8379.77426088 1.0
8379.80176103 0.0
8379.82926119 1.0
8380.07676259 1.0
8380.10426274 0.0
8380.1317629 1.0
8380.73676632 1.0
8380.76426648 0.0
8381.03926804 0.0
8381.06676819 1.0
8381.50677068 1.0
8381.53427084 0.0
8383.45928173 0.0
8383.48678189 1.0
8384.00928485 1.0
8384.036785 0.0
8384.22928609 0.0
8384.25678625 1.0
8384.72428889 1.0
8384.75178905 0.0
8384.86178967 0.0
8384.88928983 1.0
8385.16429139 1.0
8385.19179154 0.0
8385.27429201 0.0
8385.30179216 1.0
8385.54929356 1.0
8385.57679372 0.0
8385.74179465 0.0
8385.76929481 1.0
8388.79431193 1.0
8388.82181209 0.0
8388.93181271 0.0
8388.95931287 1.0
8389.53681613 1.0
8389.56431629 0.0
8389.70181707 0.0
8389.72931722 1.0
8391.0493247 1.0
8391.07682485 0.0
8391.10432501 1.0
8391.5443275 1.0
8391.57182765 0.0
8391.59932781 1.0
8392.12183077 1.0
8392.14933092 0.0
8395.06434742 0.0
8395.09184758 1.0
8395.31184882 1.0
8395.33934898 0.0
8395.75185131 0.0
8395.77935147 1.0
8397.48436112 1.0
8397.51186128 0.0
8397.89686345 0.0
8397.92436361 1.0
8398.58436735 1.0
8398.6118675 0.0
8398.66686781 0.0
8398.69436797 1.0
8398.99686968 1.0
8399.02436984 0.0
8399.16187061 0.0
8399.18937077 1.0
8400.23437669 1.0
8400.26187684 0.0
8400.42687778 0.0
8400.45437793 1.0
8400.70187933 1.0
8400.72937949 0.0
8401.96688649 0.0
8401.99438665 1.0
8403.25939381 1.0
8403.28689396 0.0
8405.07440408 0.0
8405.10190424 1.0
8405.56940688 1.0
8405.59690704 0.0
8406.17441031 0.0
8406.20191046 1.0
8406.75191358 1.0
8406.77941373 0.0
8407.1094156 0.0
8407.13691576 1.0
8408.23692198 1.0
8408.26442214 0.0
8409.00692634 0.0
8409.0344265 1.0
8409.25442774 1.0
8409.2819279 0.0
8410.18943303 0.0
8410.21693319 1.0
8412.36194533 1.0
8412.38944549 0.0
8413.04944922 0.0
8413.07694938 1.0
8413.6819528 1.0
8413.70945296 0.0
8416.21196712 0.0
8416.23946728 1.0
8417.0919721 1.0
8417.11947226 0.0
8417.20197273 0.0
8417.22947288 1.0
8418.24697864 1.0
8418.2744788 0.0
8418.41197957 0.0
8418.43947973 1.0
8419.09948347 1.0
8419.12698362 0.0
8419.23698424 0.0
8419.2644844 1.0
8420.14448938 1.0
8420.17198954 0.0
8420.28199016 0.0
8420.30949032 1.0
8421.27199576 1.0
8421.29949592 0.0
8422.6745037 0.0
8422.70200386 1.0
8423.05950588 1.0
8423.08700604 0.0
8424.21451242 0.0
8424.24201257 1.0
8424.48951398 1.0
8424.51701413 0.0
8425.45201942 0.0
8425.47951958 1.0
8425.69952082 1.0
8425.72702098 0.0
8427.56953141 0.0
8427.59703156 1.0
8428.36703592 1.0
8428.39453608 0.0
8428.91703904 0.0
8428.94453919 1.0
8429.30204121 1.0
8429.32954137 0.0
8429.82454417 0.0
8429.85204433 1.0
8430.95205055 1.0
8430.97955071 0.0
8431.52955382 0.0
8431.55705398 1.0
8432.51955943 1.0
8432.54705958 0.0
8432.68456036 0.0
8432.71206052 1.0
8433.5920655 1.0
8433.61956565 0.0
8434.55457095 0.0
8434.5820711 1.0
8434.93957312 1.0
8434.96707328 0.0
8435.02207359 0.0
8435.04957375 1.0
8435.29707515 1.0
8435.3245753 0.0
8436.20458028 0.0
8436.23208044 1.0
8436.507082 1.0
8436.53458215 0.0
8436.56208231 1.0
8437.33208667 1.0
8437.35958682 0.0
8437.96459025 0.0
8437.9920904 1.0
8439.1745971 1.0
8439.20209725 0.0
8439.4220985 0.0
8439.44959865 1.0
8440.02710192 1.0
8440.05460208 0.0
8440.08210223 1.0
8440.68710566 1.0
8440.71460581 0.0
8442.00711313 0.0
8442.03461328 1.0
8442.47461577 1.0
8442.50211593 0.0
8442.80461764 0.0
8442.8321178 1.0
8443.38212091 1.0
8443.40962107 0.0
8444.42712683 0.0
8444.45462698 1.0
8445.14213087 1.0
8445.16963103 0.0
8446.79214021 0.0
8446.81964037 1.0
8447.39714364 1.0
8447.42464379 0.0
8448.22214831 0.0
8448.24964846 1.0
8448.68965095 1.0
8448.71715111 0.0
8448.79965158 0.0
8448.82715173 1.0
8449.04715298 1.0
8449.07465313 0.0
8449.54215578 0.0
8449.56965593 1.0
8449.87215765 1.0
8449.8996578 0.0
8450.69716232 0.0
8450.72466247 1.0
8450.97216387 1.0
8450.99966403 0.0
8452.15467057 0.0
8452.18217072 1.0
8452.59467306 1.0
8452.62217321 0.0
8452.64967337 0.0
8452.67717352 1.0
8453.25467679 1.0
8453.28217695 0.0
8453.39217757 0.0
8453.41967773 1.0
8453.66717913 1.0
8453.69467928 0.0
8454.13468177 0.0
8454.16218193 1.0
8454.76718535 1.0
8454.79468551 0.0
8459.11220995 0.0
8459.1397101 1.0
8459.57971259 1.0
8459.60721275 0.0
8462.19222738 0.0
8462.21972754 1.0
8462.96223174 1.0
8462.98973189 0.0
8463.86973688 0.0
8463.89723703 1.0
8464.14473843 1.0
8464.17223859 0.0
8464.50224046 0.0
8464.52974061 1.0
8464.94224295 1.0
8464.9697431 0.0
8465.07974372 0.0
8465.10724388 1.0
8465.4647459 1.0
8465.49224606 0.0
8465.51974622 0.0
8465.54724637 1.0
8465.79474777 1.0
8465.82224793 0.0
8465.93224855 0.0
8465.95974871 1.0
8466.23475026 1.0
8466.26225042 0.0
8469.89227096 0.0
8469.91977112 1.0
8470.16727252 1.0
8470.19477268 0.0
8471.34977921 0.0
8471.37727937 1.0
8471.70728124 1.0
8471.73478139 0.0
8472.28478451 0.0
8472.31228466 1.0
8472.61478637 1.0
8472.64228653 0.0
8475.72230396 0.0
8475.74980412 1.0
8476.05230583 1.0
8476.07980599 0.0
8476.46480817 0.0
8476.49230832 1.0
8476.90481066 1.0
8476.93231081 0.0
8479.87482747 0.0
8479.90232762 1.0
8480.58983152 1.0
8480.61733167 0.0
8481.00233385 0.0
8481.02983401 1.0
8481.38733603 1.0
8481.41483619 0.0
8481.85483868 0.0
8481.88233883 1.0
8482.67984335 1.0
8482.7073435 0.0
8482.78984397 0.0
8482.81734412 1.0
8483.09234568 1.0
8483.11984584 0.0
8484.54985393 0.0
8484.57735409 1.0
8484.96235626 1.0
8484.98985642 0.0
8488.89487852 0.0
8488.92237868 1.0
8489.55488226 1.0
8489.58238242 0.0
8490.43488724 0.0
8490.4623874 1.0
8490.84738958 1.0
8490.87488973 0.0
8493.78990623 0.0
8493.81740639 1.0
8494.3674095 1.0
8494.39490966 0.0
8495.8524179 0.0
8495.87991806 1.0
8496.48492149 1.0
8496.51242164 0.0
8498.54743316 0.0
8498.57493331 1.0
8499.04243596 1.0
8499.06993612 0.0
8499.15243658 0.0
8499.17993674 1.0
8499.50993861 1.0
8499.53743876 0.0
8500.88494639 0.0
8500.91244655 1.0
8501.13244779 1.0
8501.15994795 0.0
8501.98495262 0.0
8502.01245277 1.0
8502.45245526 1.0
8502.47995542 0.0
8504.51496694 0.0
8504.54246709 1.0
8504.8449688 1.0
8504.87246896 0.0
8505.20247083 0.0
8505.22997098 1.0
8505.72497379 1.0
8505.75247394 0.0
8507.86998593 0.0
8507.89748608 1.0
8508.47498935 1.0
8508.50248951 0.0
8511.83000834 0.0
8511.8575085 1.0
8512.24251068 1.0
8512.27001083 0.0
8513.8375197 0.0
8513.86501986 1.0
8515.07502671 1.0
8515.10252686 0.0
8515.35002827 0.0
8515.37752842 1.0
8515.79003076 1.0
8515.81753091 0.0
8517.52254056 0.0
8517.55004072 1.0
8517.79754212 1.0
8517.82504227 0.0
8518.12754399 0.0
8518.15504414 1.0
8518.56754648 1.0
8518.59504663 0.0
8518.89754835 0.0
8518.9250485 1.0
8519.25505037 1.0
8519.28255052 0.0
8521.0975608 0.0
8521.12506095 1.0
8521.37256235 1.0
8521.40006251 0.0
8521.5925636 0.0
8521.62006376 1.0
8522.3350678 1.0
8522.36256796 0.0
8524.78258166 0.0
8524.81008181 1.0
8525.63508648 1.0
8525.66258664 0.0
8526.9275938 0.0
8526.95509395 1.0
8527.31259598 1.0
8527.34009613 0.0
8528.38510205 0.0
8528.4126022 1.0
8528.907605 1.0
8528.93510516 0.0
8532.01512259 0.0
8532.04262275 1.0
8532.64762617 1.0
8532.67512633 0.0
8533.63763178 0.0
8533.66513193 1.0
8534.07763427 1.0
8534.10513442 0.0
8536.82764983 0.0
8536.85514999 1.0
8537.4051531 1.0
8537.43265326 0.0
8538.56015964 0.0
8538.5876598 1.0
8539.24766353 1.0
8539.27516369 0.0
8541.94267879 0.0
8541.97017894 1.0
8542.46518174 1.0
8542.4926819 0.0
8542.76768346 0.0
8542.79518361 1.0
8543.51018766 1.0
8543.53768781 0.0
8548.29521474 0.0
8548.3227149 1.0
8548.8177177 1.0
8548.84521786 0.0
8549.34022066 0.0
8549.36772081 1.0
8549.67022253 1.0
8549.69772268 0.0
8551.81523467 0.0
8551.84273482 1.0
8552.11773638 1.0
8552.14523653 0.0
8552.55773887 0.0
8552.58523903 1.0
8552.94274105 1.0
8552.9702412 0.0
8554.73025117 0.0
8554.75775132 1.0
8554.97775257 1.0
8555.00525272 0.0
8555.83025739 0.0
8555.85775755 1.0
8556.38026051 1.0
8556.40776066 0.0
8557.0677644 0.0
8557.09526455 1.0
8557.5627672 1.0
8557.59026735 0.0
8558.16777062 0.0
8558.19527078 1.0
8558.85527452 1.0
8558.88277467 0.0
8560.7252851 0.0
8560.75278526 1.0
8561.08278712 1.0
8561.11028728 0.0
8564.49280642 0.0
8564.52030658 1.0
8564.93280892 1.0
8564.96030907 0.0
8570.87284254 0.0
8570.90034269 1.0
8571.28534487 1.0
8571.31284503 0.0
8572.74285312 0.0
8572.77035328 1.0
8573.07285499 1.0
8573.10035515 0.0
8573.18285561 0.0
8573.21035577 1.0
8573.6228581 1.0
8573.65035826 0.0
8573.81535919 0.0
8573.84285935 1.0
8574.20036137 1.0
8574.22786153 0.0
8575.21786713 0.0
8575.24536729 1.0
8575.68536978 1.0
8575.71286993 0.0
8576.15287242 0.0
8576.18037258 1.0
8576.48287429 1.0
8576.51037445 0.0
8577.85788207 0.0
8577.88538223 1.0
8578.49038565 1.0
8578.51788581 0.0
8583.00041118 0.0
8583.02791134 1.0
8583.27541274 1.0
8583.30291289 0.0
8583.41291352 0.0
8583.44041367 1.0
8583.77041554 1.0
8583.7979157 0.0
8588.99544512 0.0
8589.02294527 1.0
8589.51794807 1.0
8589.54544823 0.0
8592.48796488 0.0
8592.51546504 1.0
8592.87296706 1.0
8592.90046722 0.0
8593.2854694 0.0
8593.31296955 1.0
8593.72547189 1.0
8593.75297204 0.0
8594.7704778 0.0
8594.79797796 1.0
8595.07297952 1.0
8595.10047967 0.0
8597.27299197 0.0
8597.30049212 1.0
8597.57549368 1.0
8597.60299384 0.0
8603.21302559 0.0
8603.24052575 1.0
8603.48802715 1.0
8603.5155273 0.0
8607.8605519 0.0
8607.88805205 1.0
8608.19055376 1.0
8608.21805392 0.0
8610.25306544 0.0
8610.28056559 1.0
8610.50056684 1.0
8610.52806699 0.0
8611.765574 0.0
8611.79307415 1.0
8612.04057556 1.0
8612.06807571 0.0
8612.67307914 0.0
8612.70057929 1.0
8612.97558085 1.0
8613.003081 0.0
8627.02816039 0.0
8627.05566054 1.0
8627.27566179 1.0
8627.30316195 0.0
8628.59566926 0.0
8628.62316942 1.0
8628.87067082 1.0
8628.89817097 0.0
8639.59573152 0.0
8639.62323168 1.0
8639.84323293 1.0
8639.87073308 0.0
8647.13077417 0.0
8647.15827433 1.0
8647.37827558 1.0
8647.40577573 0.0
8653.3183092 0.0
8653.34580935 1.0
8653.5658106 1.0
8653.59331075 0.0
8737.79878738 0.0
8737.82628753 1.0
8738.12878924 1.0
8738.1562894 0.0
8750.91636162 0.0
8750.94386178 1.0
8751.19136318 1.0
8751.21886334 0.0
8760.65141673 0.0
8760.67891688 1.0
8760.95391844 1.0
8760.98141859 0.0
8763.4564326 0.0
8763.48393276 1.0
8763.73143416 1.0
8763.75893432 0.0
8772.22898226 0.0
8772.25648241 1.0
8772.53148397 1.0
8772.55898413 0.0
8782.34903954 0.0
8782.3765397 1.0
8782.73404172 1.0
8782.76154187 0.0
8783.28404483 0.0
8783.31154499 1.0
8783.53154623 1.0
8783.55904639 0.0
8784.68655277 0.0
8784.71405293 1.0
8784.98905448 1.0
8785.01655464 0.0
8787.10656647 0.0
8787.13406662 1.0
8787.38156802 1.0
8787.40906818 0.0
8788.20657269 0.0
8788.23407285 1.0
8788.50907441 1.0
8788.53657456 0.0
8789.22407845 0.0
8789.25157861 1.0
8789.52658017 1.0
8789.55408032 0.0
8794.58660881 0.0
8794.61410896 1.0
8794.94411083 1.0
8794.97161099 0.0
8802.12165146 0.0
8802.14915161 1.0
8802.56165395 1.0
8802.5891541 0.0
8805.58667107 0.0
8805.61417123 1.0
8806.08167387 1.0
8806.10917403 0.0
8807.70418306 0.0
8807.73168321 1.0
8807.97918461 1.0
8808.00668477 0.0
8811.71920578 0.0
8811.74670594 1.0
8811.99420734 1.0
8812.02170749 0.0
8813.83671777 0.0
8813.86421792 1.0
8814.44172119 1.0
8814.46922135 0.0
8820.95925808 0.0
8820.98675824 1.0
8821.23425964 1.0
8821.26175979 0.0
8821.34426026 0.0
8821.37176042 1.0
8821.83926306 1.0
8821.86676322 0.0
8821.94926369 0.0
8821.97676384 1.0
8822.27926555 1.0
8822.30676571 0.0
8822.36176602 0.0
8822.38926618 1.0
8822.93926929 1.0
8822.96676945 0.0
8824.61677878 0.0
8824.64427894 1.0
8825.00178096 1.0
8825.02928112 0.0
8832.86682548 0.0
8832.89432564 1.0
8833.19682735 1.0
8833.22432751 0.0
8833.38932844 0.0
8833.41682859 1.0
8833.93933155 1.0
8833.96683171 0.0
8837.65185257 0.0
8837.67935272 1.0
8838.36685661 1.0
8838.39435677 0.0
8838.83435926 0.0
8838.86185941 1.0
8839.16436113 1.0
8839.19186128 0.0
8840.64936953 0.0
8840.67686969 1.0
8841.06187187 1.0
8841.08937202 0.0
8841.7218756 0.0
8841.74937576 1.0
8842.02437732 1.0
8842.05187747 0.0
8848.21191234 0.0
8848.23941249 1.0
8848.65191483 1.0
8848.67941498 0.0
8849.99942246 0.0
8850.02692261 1.0
8850.27442401 1.0
8850.30192417 0.0
8852.99693942 0.0
8853.02443958 1.0
8853.27194098 1.0
8853.29944113 0.0
8854.48194783 0.0
8854.50944798 1.0
8855.0594511 1.0
8855.08695125 0.0
8859.37697553 0.0
8859.40447569 1.0
8860.47698176 1.0
8860.50448192 0.0
8860.83448378 0.0
8860.86198394 1.0
8861.6319883 1.0
8861.65948845 0.0
8867.4620213 0.0
8867.48952145 1.0
8867.76452301 1.0
8867.79202317 0.0
8868.31452612 0.0
8868.34202628 1.0
8869.05703033 1.0
8869.08453048 0.0
8871.25704278 0.0
8871.28454293 1.0
8871.72454542 1.0
8871.75204558 0.0
8874.58456161 0.0
8874.61206177 1.0
8874.96956379 1.0
8874.99706395 0.0
8879.80959119 0.0
8879.83709134 1.0
8880.19459337 1.0
8880.22209352 0.0
8880.66209601 0.0
8880.68959617 1.0
8880.99209788 1.0
8881.01959804 0.0
8881.18459897 0.0
8881.21209913 1.0
8882.2846052 1.0
8882.31210535 0.0
8883.79711376 0.0
8883.82461391 1.0
8884.84211967 1.0
8884.86961983 0.0
8889.1046438 0.0
8889.13214396 1.0
8889.37964536 1.0
8889.40714551 0.0
8891.46965719 0.0
8891.49715734 1.0
8891.71715859 1.0
8891.74465874 0.0
8895.97968271 0.0
8896.00718287 1.0
8896.39218505 1.0
8896.4196852 0.0
8896.63968645 0.0
8896.66718661 1.0
8897.16218941 1.0
8897.18968956 0.0
8898.67469797 0.0
8898.70219812 1.0
8899.52720279 1.0
8899.55470295 0.0
8901.14971198 0.0
8901.17721213 1.0
8901.67221494 1.0
8901.69971509 0.0
8902.68972069 0.0
8902.71722085 1.0
8903.45972505 1.0
8903.48722521 0.0
8909.39975868 0.0
8909.42725883 1.0
8910.27976366 1.0
8910.30726381 0.0
8913.13977984 0.0
8913.16728 1.0
8913.9097842 1.0
8913.93728436 0.0
8918.03480755 0.0
8918.06230771 1.0
8918.63981098 1.0
8918.66731113 0.0
8919.35481502 0.0
8919.38231518 1.0
8920.4823214 1.0
8920.50982156 0.0
8921.71982841 0.0
8921.74732857 1.0
8922.84733479 1.0
8922.87483495 0.0
8923.86484055 0.0
8923.89234071 1.0
8924.24984273 1.0
8924.27734289 0.0
8925.12984771 0.0
8925.15734787 1.0
8925.8173516 1.0
8925.84485176 0.0
8926.9998583 0.0
8927.02735845 1.0
8927.35736032 1.0
8927.38486047 0.0
8928.78736841 0.0
8928.81486857 1.0
8929.63987324 1.0
8929.66737339 0.0
8930.76737962 0.0
8930.79487978 1.0
8933.59989565 1.0
8933.62739581 0.0
8933.84739705 0.0
8933.87489721 1.0
8935.11240421 1.0
8935.13990437 0.0
8935.77240795 0.0
8935.79990811 1.0
8937.25741636 1.0
8937.28491651 0.0
8937.69741885 0.0
8937.724919 1.0
8938.57742383 1.0
8938.60492398 0.0
8939.42992865 0.0
8939.45742881 1.0
8939.75993052 1.0
8939.78743068 0.0
8940.03493208 0.0
8940.06243223 1.0
8940.3924341 1.0
8940.41993426 0.0
8942.12494391 0.0
8942.15244406 1.0
8943.44495138 1.0
8943.47245153 0.0
8943.8024534 0.0
8943.82995356 1.0
8945.45246274 1.0
8945.4799629 0.0
8946.30496757 0.0
8946.33246772 1.0
8947.01997161 1.0
8947.04747177 0.0
8948.06497753 0.0
8948.09247768 1.0
8949.96248827 1.0
8949.98998842 0.0
8950.23748983 0.0
8950.26498998 1.0
8951.94249948 1.0
8951.96999963 0.0
8952.71250383 0.0
8952.74000399 1.0
8961.87005567 1.0
8961.89755582 0.0
8962.64006003 0.0
8962.66756018 1.0
9035.84547439 1.0
9035.87297454 0.0
9035.9004747 1.0
9036.20297641 1.0
9036.23047657 0.0
9036.75297952 0.0
9036.78047968 1.0
9038.15548746 1.0
9038.18298762 0.0
9040.85050272 0.0
9040.87800287 1.0
9046.73553603 1.0
9046.76303618 0.0
9048.22054443 0.0
9048.24804459 1.0
9048.52304614 1.0
9048.5505463 0.0
9049.15554972 0.0
9049.18304988 1.0
9051.57556342 1.0
9051.60306358 0.0
9052.29056747 0.0
9052.31806762 1.0
9052.56556903 1.0
9052.59306918 0.0
9052.7030698 0.0
9052.73056996 1.0
9057.46059673 1.0
9057.48809689 0.0
9058.2856014 0.0
9058.31310156 1.0
9058.97310529 1.0
9059.00060545 0.0
9059.0281056 1.0
9113.83591583 1.0
9113.86341598 0.0
9114.05591707 0.0
9114.08341723 1.0
9116.22842937 1.0
9116.25592953 0.0
9116.28342968 0.0
9116.31092984 1.0
9124.67097716 1.0
9124.69847731 0.0
9124.8909784 0.0
9124.91847856 1.0
9168.03872263 1.0
9168.06622278 0.0
9168.45122496 0.0
9168.47872512 1.0
9191.05635291 1.0
9191.08385307 0.0
9191.9363579 0.0
9191.96385805 1.0
9202.60641829 1.0
9202.63391845 0.0
9202.79891938 0.0
9202.82641954 1.0
9203.84392529 1.0
9203.87142545 0.0
9204.25642763 0.0
9204.28392779 1.0
9204.53142919 1.0
9204.55892934 0.0
9205.85143666 0.0
9205.87893681 1.0
9212.78147588 1.0
9212.80897604 0.0
9212.83647619 1.0
9213.74398133 1.0
9213.77148149 0.0
9213.79898164 0.0
9213.8264818 1.0
9214.23898413 1.0
9214.26648429 0.0
9214.34898476 0.0
9214.37648491 1.0
9221.19652351 1.0
9221.22402367 0.0
9221.71902647 0.0
9221.74652663 1.0
9222.46153067 1.0
9222.48903083 0.0
9222.51653099 1.0
9223.42403612 1.0
9223.45153628 0.0
9223.5615369 0.0
9223.58903706 1.0
9225.4865478 1.0
9225.51404795 0.0
9225.89905013 0.0
9225.92655029 1.0
9228.81406663 1.0
9228.84156679 0.0
9229.61157115 0.0
9229.6390713 1.0
9243.93915224 1.0
9243.9666524 0.0
9244.2141538 0.0
9244.24165395 1.0
9250.45668913 1.0
9250.48418929 0.0
9250.786691 0.0
9250.81419116 1.0
9258.40423412 1.0
9258.43173427 0.0
9258.56923505 0.0
9258.59673521 1.0
9260.08174361 1.0
9260.10924377 0.0
9260.30174486 0.0
9260.32924501 1.0
9266.73678128 1.0
9266.76428144 0.0
9267.01178284 0.0
9267.03928299 1.0
9270.2018009 1.0
9270.22930105 0.0
9270.72430385 0.0
9270.75180401 1.0
9676.18659886 1.0
9676.21409902 0.0
9676.4066001 0.0
9676.43410026 1.0
9699.09422852 1.0
9699.12172868 0.0
9699.36923008 0.0
9699.39673023 1.0
9706.73927179 1.0
9706.76677195 0.0
9706.84927242 0.0
9706.87677257 1.0
9708.77428331 1.0
9708.80178347 0.0
9709.68178845 0.0
9709.70928861 1.0
9721.09435305 1.0
9721.1218532 0.0
9721.50685538 0.0
9721.53435554 1.0
9772.49214397 1.0
9772.51964413 0.0
9773.72965097 0.0
9773.75715113 1.0
9799.1397948 1.0
9799.16729496 0.0
9799.82729869 0.0
9799.85479885 1.0
9809.34235255 1.0
9809.36985271 0.0
9810.38735847 0.0
9810.41485862 1.0
9811.92736718 1.0
9811.95486734 0.0
9812.4773703 0.0
9812.50487045 1.0
9813.60487668 1.0
9813.63237683 0.0
9814.31988072 0.0
9814.34738088 1.0
9817.15239676 1.0
9817.17989691 0.0
9817.42739831 0.0
9817.45489847 1.0
9821.68992244 1.0
9821.7174226 0.0
9823.47743256 0.0
9823.50493271 1.0
9825.23744252 1.0
9825.26494268 0.0
9825.51244408 0.0
9825.53994423 1.0
9830.62747303 1.0
9830.65497318 0.0
9831.2049763 0.0
9831.23247645 1.0
9831.58997848 1.0
9831.61747863 0.0
9831.80997972 0.0
9831.83747988 1.0
9832.22248206 1.0
9832.24998221 0.0
9832.82748548 0.0
9832.85498564 1.0
9835.96250323 1.0
9835.99000338 0.0
9836.01750354 1.0
9836.26500494 1.0
9836.29250509 0.0
9836.95250883 0.0
9836.98000899 1.0
9837.39251132 1.0
9837.42001148 0.0
9837.94251443 0.0
9837.97001459 1.0
9838.98752035 1.0
9839.0150205 0.0
9839.04252066 1.0
9840.08752658 1.0
9840.11502673 0.0
9840.14252689 1.0
9841.49003451 1.0
9841.51753467 0.0
9841.90253685 0.0
9841.930037 1.0
9843.30504479 1.0
9843.33254494 0.0
9844.37755086 0.0
9844.40505101 1.0
9849.71258106 1.0
9849.74008121 0.0
9849.76758137 0.0
9849.79508152 1.0
9854.55260845 1.0
9854.58010861 0.0
9854.93761063 0.0
9854.96511079 1.0
9856.06511701 1.0
9856.09261717 0.0
9856.91762184 0.0
9856.94512199 1.0
9858.01762806 1.0
9858.04512822 0.0
9858.37513009 0.0
9858.40263024 1.0
9858.78763242 1.0
9858.81513258 0.0
9858.9251332 0.0
9858.95263336 1.0
9860.41014161 1.0
9860.43764176 0.0
9861.15264581 0.0
9861.18014596 1.0
9861.45514752 1.0
9861.48264768 0.0
9862.50015344 0.0
9862.52765359 1.0
9862.80265515 1.0
9862.8301553 0.0
9862.91265577 0.0
9862.94015593 1.0
9864.39766418 1.0
9864.42516433 0.0
9866.81767787 0.0
9866.84517803 1.0
9867.20268005 1.0
9867.23018021 0.0
9867.78018332 0.0
9867.80768348 1.0
9868.63268815 1.0
9868.6601883 0.0
9869.26519173 0.0
9869.29269188 1.0
9871.96020698 1.0
9871.98770714 0.0
9872.09770776 0.0
9872.12520792 1.0
9873.44521539 1.0
9873.47271554 0.0
9873.77521726 0.0
9873.80271741 1.0
9874.13271928 1.0
9874.16021943 0.0
9875.28772582 0.0
9875.31522597 1.0
9877.73523967 1.0
9877.76273983 0.0
9880.51275539 0.0
9880.54025555 1.0
9881.58526146 1.0
9881.61276162 0.0
9882.10776442 0.0
9882.13526457 1.0
9882.87776878 1.0
9882.90526893 0.0
9883.75777376 0.0
9883.78527391 1.0
9884.17027609 1.0
9884.19777625 0.0
9886.97529197 0.0
9887.00279213 1.0
9887.74529633 1.0
9887.77279648 0.0
9887.91029726 0.0
9887.93779742 1.0
9888.3227996 1.0
9888.35029975 0.0
9888.46030038 0.0
9888.48780053 1.0
9888.90030287 1.0
9888.92780302 0.0
9890.33031096 0.0
9890.35781112 1.0
9891.26531625 1.0
9891.29281641 0.0
9891.62281828 0.0
9891.65031843 1.0
9892.06282077 1.0
9892.09032092 0.0
9892.44782295 0.0
9892.4753231 1.0
9892.77782481 1.0
9892.80532497 0.0
9892.83282513 1.0
9893.19032715 1.0
9893.2178273 0.0
9893.93283135 0.0
9893.96033151 1.0
9894.400334 1.0
9894.42783415 0.0
9895.41783976 0.0
9895.44533991 1.0
9895.77534178 1.0
9895.80284194 0.0
9896.07784349 0.0
9896.10534365 1.0
9897.0678491 1.0
9897.09534925 0.0
9897.28785034 0.0
9897.3153505 1.0
9897.8103533 1.0
9897.83785346 0.0
9898.47035704 0.0
9898.49785719 1.0
9899.57036326 1.0
9899.59786342 0.0
9899.7353642 0.0
9899.76286435 1.0
9901.19287245 1.0
9901.2203726 0.0
9901.27537291 0.0
9901.30287307 1.0
9903.69538661 1.0
9903.72288677 0.0
9904.05288863 0.0
9904.08038879 1.0
9904.6303919 1.0
9904.65789206 0.0
9904.74039252 0.0
9904.76789268 1.0
9905.04289424 1.0
9905.07039439 0.0
9907.49040809 0.0
9907.51790825 1.0
9908.06791136 1.0
9908.09541152 0.0
9910.37792443 0.0
9910.40542459 1.0
9911.47793066 1.0
9911.50543082 0.0
9912.60543704 0.0
9912.6329372 1.0
9913.26544078 1.0
9913.29294093 0.0
9914.22794623 0.0
9914.25544638 1.0
9914.88794996 1.0
9914.91545012 0.0
9916.15295712 0.0
9916.18045728 1.0
9916.45545883 1.0
9916.48295899 0.0
9916.59295961 0.0
9916.62045977 1.0
9916.86796117 1.0
9916.89546133 0.0
9917.77546631 0.0
9917.80296646 1.0
9918.40796989 1.0
9918.43547004 0.0
9921.65298825 0.0
9921.68048841 1.0
9922.3679923 1.0
9922.39549246 0.0
9922.56049339 0.0
9922.58799355 1.0
9923.46799853 1.0
9923.49549868 0.0
9925.33800911 0.0
9925.36550927 1.0
9925.66801098 1.0
9925.69551114 0.0
9925.88801223 0.0
9925.91551238 1.0
9926.43801534 1.0
9926.46551549 0.0
9928.36302623 0.0
9928.39052639 1.0
9930.42553791 1.0
9930.45303806 0.0
9931.08554164 0.0
9931.1130418 1.0
9932.07554725 1.0
9932.1030474 0.0
9932.70805083 0.0
9932.73555098 1.0
9933.0380527 1.0
9933.06555285 0.0
9933.09305301 0.0
9933.12055316 1.0
9933.42305488 1.0
9933.45055503 0.0
9933.47805519 1.0
9934.13805892 1.0
9934.16555908 0.0
9935.18306484 0.0
9935.21056499 1.0
9935.54056686 1.0
9935.56806702 0.0
9936.91557464 0.0
9936.9430748 1.0
9937.4380776 1.0
9937.46557776 0.0
9938.31808258 0.0
9938.34558274 1.0
9938.75808507 1.0
9938.78558523 0.0
9942.0306036 0.0
9942.05810375 1.0
9942.41560578 1.0
9942.44310593 0.0
9942.58060671 0.0
9942.60810686 1.0
9943.0206092 1.0
9943.04810936 0.0
9943.81811371 0.0
9943.84561387 1.0
9944.45061729 1.0
9944.47811745 0.0
9949.23564438 0.0
9949.26314453 1.0
9949.53814609 1.0
9949.56564625 0.0
9952.70066399 0.0
9952.72816415 1.0
9952.94816539 1.0
9952.97566555 0.0
9953.11316633 0.0
9953.14066648 1.0
9953.69066959 1.0
9953.71816975 0.0
9954.10317193 0.0
9954.13067208 1.0
9954.4331738 1.0
9954.46067395 0.0
9954.57067458 0.0
9954.59817473 1.0
9954.98317691 1.0
9955.01067707 0.0
9955.58818033 0.0
9955.61568049 1.0
9955.86318189 1.0
9955.89068205 0.0
9958.03569419 0.0
9958.06319434 1.0
9958.5856973 1.0
9958.61319746 0.0
9959.38320182 0.0
9959.41070197 1.0
9959.90570477 1.0
9959.93320493 0.0
9960.09820586 0.0
9960.12570602 1.0
9960.48320804 1.0
9960.5107082 0.0
9961.005711 0.0
9961.03321115 1.0
9961.2532124 1.0
9961.28071256 0.0
9964.25072937 0.0
9964.27822952 1.0
9964.60823139 1.0
9964.63573155 0.0
9967.16574587 0.0
9967.19324602 1.0
9967.41324727 1.0
9967.44074742 0.0
9968.34825256 0.0
9968.37575272 1.0
9968.70575458 1.0
9968.73325474 0.0
9969.66826003 0.0
9969.69576019 1.0
9970.41076423 1.0
9970.43826439 0.0
9972.00577326 0.0
9972.03327342 1.0
9972.39077544 1.0
9972.4182756 0.0
9973.49078167 0.0
9973.51828182 1.0
9973.73828307 1.0
9973.76578322 0.0
9977.20330268 0.0
9977.23080284 1.0
9977.53330455 1.0
9977.5608047 0.0
9979.43081529 0.0
9979.45831545 1.0
9980.20081965 1.0
9980.2283198 0.0
9981.49332696 0.0
9981.52082712 1.0
9981.76832852 1.0
9981.79582868 0.0
9986.5533556 0.0
9986.58085576 1.0
9987.21335934 1.0
9987.2408595 0.0
9989.02836961 0.0
9989.05586977 1.0
9989.49587226 1.0
9989.52337242 0.0
9990.87088004 0.0
9990.8983802 1.0
9991.17338175 1.0
9991.20088191 0.0
9991.44838331 0.0
9991.47588347 1.0
9991.94338611 1.0
9991.97088627 0.0
9995.27090495 0.0
9995.2984051 1.0
9996.17841008 1.0
9996.20591024 0.0
9997.33341662 0.0
9997.36091678 1.0
9997.69091865 1.0
9997.7184188 0.0
10000.3034334 0.0
10000.3309336 1.0
10000.7159358 1.0
10000.7434359 0.0
10001.1009379 0.0
10001.1284381 1.0
10001.4034397 1.0
10001.4309398 0.0
10001.45844 0.0
10001.4859401 1.0
10002.4759457 1.0
10002.5034459 0.0
10004.6209579 0.0
10004.648458 1.0
10004.8959594 1.0
10004.9234596 0.0
10012.7060036 0.0
10012.7335038 1.0
10013.5860086 1.0
10013.6135088 0.0
10014.0810114 0.0
10014.1085116 1.0
10014.5485141 1.0
10014.5760142 0.0
10014.7685153 0.0
10014.7960155 1.0
10015.4835194 1.0
10015.5110195 0.0
10018.2335349 0.0
10018.2610351 1.0
10018.6735374 1.0
10018.7010376 0.0
10018.8385383 0.0
10018.8660385 1.0
10020.186046 1.0
10020.2135461 0.0
10020.7910494 0.0
10020.8185496 1.0
10021.7535548 1.0
10021.781055 0.0
10024.0360678 0.0
10024.0635679 1.0
10025.7410774 1.0
10025.7685776 0.0
10025.9335785 0.0
10025.9610787 1.0
10026.5935822 1.0
10026.6210824 0.0
10028.4635928 0.0
10028.491093 1.0
10028.8760952 1.0
10028.9035953 0.0
10039.3536545 0.0
10039.3811546 1.0
10040.3161599 1.0
10040.3436601 0.0
10040.3711602 0.0
10040.3986604 1.0
10040.8936632 1.0
10040.9211633 0.0
10043.6436787 0.0
10043.6711789 1.0
10043.9461805 1.0
10043.9736806 0.0
10044.1111814 0.0
10044.1386816 1.0
10044.8536856 1.0
10044.8811858 0.0
10050.2437161 0.0
10050.2712163 1.0
10051.288722 1.0
10051.3162222 0.0
10055.6612468 0.0
10055.6887469 1.0
10056.5137516 1.0
10056.5412518 0.0
10061.4637796 0.0
10061.4912798 1.0
10062.068783 1.0
10062.0962832 0.0
10066.4413078 0.0
10066.4688079 1.0
10067.1013115 1.0
10067.1288117 0.0
10070.5663311 0.0
10070.5938313 1.0
10070.9513333 1.0
10070.9788335 0.0
10072.0788397 0.0
10072.1063399 1.0
10072.7113433 1.0
10072.7388434 0.0
10076.1213626 0.0
10076.1488627 1.0
10076.5063648 1.0
10076.5338649 0.0
10077.1113682 0.0
10077.1388683 1.0
10077.4138699 1.0
10077.4413701 0.0
10079.9163841 0.0
10079.9438842 1.0
10080.8788895 1.0
10080.9063897 0.0
10081.9238954 0.0
10081.9513956 1.0
10082.198897 1.0
10082.2263971 0.0
10084.2889088 0.0
10084.316409 1.0
10084.8939122 1.0
10084.9214124 0.0
10089.4039378 0.0
10089.4314379 1.0
10090.3939434 1.0
10090.4214435 0.0
10091.7689511 0.0
10091.7964513 1.0
10092.5939558 1.0
10092.621456 0.0
10093.7489624 0.0
10093.7764625 1.0
10094.6289673 1.0
10094.6564675 0.0
10094.9589692 0.0
10094.9864694 1.0
10096.0314753 1.0
10096.0589754 0.0
10097.213982 0.0
10097.2414821 1.0
10098.0389866 1.0
10098.0664868 0.0
10099.9914977 0.0
10100.0189978 1.0
10100.6515014 1.0
10100.6790016 0.0
10102.2465105 0.0
10102.2740106 1.0
10103.044015 1.0
10103.0715151 0.0
10105.1340268 0.0
10105.161527 1.0
10105.4640287 1.0
10105.4915288 0.0
10108.2415444 0.0
10108.2690445 1.0
10108.874048 1.0
10108.9015481 0.0
10112.3390676 0.0
10112.3665677 1.0
10112.7240698 1.0
10112.7515699 0.0
10114.5665802 0.0
10114.5940803 1.0
10114.9515824 1.0
10114.9790825 0.0
10117.7840984 0.0
10117.8115986 1.0
10118.3616017 1.0
10118.3891018 0.0
10119.131606 0.0
10119.1591062 1.0
10119.5441084 1.0
10119.5716085 0.0
10121.2766182 0.0
10121.3041183 1.0
10122.2391236 1.0
10122.2666238 0.0
10127.3266524 0.0
10127.3541526 1.0
10127.7116546 1.0
10127.7391547 0.0
10131.8091778 0.0
10131.8366779 1.0
10132.4691815 1.0
10132.4966817 0.0
10143.1942422 0.0
10143.2217424 1.0
10144.1567477 1.0
10144.1842478 0.0
10144.5967502 0.0
10144.6242503 1.0
10145.1192531 1.0
10145.1467533 0.0
10147.209265 0.0
10147.2367651 1.0
10148.1442702 1.0
10148.1717704 0.0
10155.4043113 0.0
10155.4318115 1.0
10156.3118165 1.0
10156.3393166 0.0
10167.9993826 0.0
10168.0268828 1.0
10168.6043861 1.0
10168.6318862 0.0
10169.4293907 0.0
10169.4568909 1.0
10169.9518937 1.0
10169.9793938 0.0
10174.4894194 0.0
10174.5169195 1.0
10175.2044234 1.0
10175.2319236 0.0
10178.9719447 0.0
10178.9994449 1.0
10179.3019466 1.0
10179.3294468 0.0
10186.1219852 0.0
10186.1494854 1.0
10186.616988 1.0
10186.6444882 0.0
10193.0795246 0.0
10193.1070247 1.0
10194.7570341 1.0
10194.7845342 0.0
10203.6395844 0.0
10203.6670845 1.0
10204.1895875 1.0
10204.2170876 0.0
10204.8495912 0.0
10204.8770914 1.0
10205.344594 1.0
10205.3720942 0.0
10212.6046351 0.0
10212.6321353 1.0
10213.0171374 1.0
10213.0446376 0.0
10214.5846463 0.0
10214.6121465 1.0
10214.8596479 1.0
10214.887148 0.0
10216.0421546 0.0
10216.0696547 1.0
10216.5371574 1.0
10216.5646575 0.0
10216.8671592 0.0
10216.8946594 1.0
10217.8296647 1.0
10217.8571648 0.0
10228.9672277 0.0
10228.9947279 1.0
10229.8747329 1.0
10229.902233 0.0
10235.1547627 0.0
10235.1822629 1.0
10235.9797674 1.0
10236.0072676 0.0
10237.5472763 0.0
10237.5747764 1.0
10238.1247796 1.0
10238.1522797 0.0
10238.3447808 0.0
10238.372281 1.0
10239.3347864 1.0
10239.3622866 0.0
10239.5822878 0.0
10239.609788 1.0
10240.5172931 1.0
10240.5447933 0.0
10252.6448617 0.0
10252.6723619 1.0
10253.1673647 1.0
10253.1948649 0.0
10257.457389 0.0
10257.4848891 1.0
10258.2273933 1.0
10258.2548935 0.0
10262.6824186 0.0
10262.7099187 1.0
10263.2324217 1.0
10263.2599218 0.0
10263.4524229 0.0
10263.4799231 1.0
10263.7824248 1.0
10263.8099249 0.0
10272.6924752 0.0
10272.7199754 1.0
10273.4074793 1.0
10273.4349794 0.0
10275.3599903 0.0
10275.3874905 1.0
10276.1574948 1.0
10276.184995 0.0
10276.7624983 0.0
10276.7899984 1.0
10277.1200003 1.0
10277.1475004 0.0
10285.8375496 0.0
10285.8650498 1.0
10286.4700532 1.0
10286.4975534 0.0
10287.5700594 0.0
10287.5975596 1.0
10287.9550616 1.0
10287.9825618 0.0
10288.6150653 0.0
10288.6425655 1.0
10289.0275677 1.0
10289.0550678 0.0
10294.2525973 0.0
10294.2800974 1.0
10294.6650996 1.0
10294.6925997 0.0
10300.1651307 0.0
10300.1926309 1.0
10300.6326334 1.0
10300.6601335 0.0
10309.4601833 0.0
10309.4876835 1.0
10309.8451855 1.0
10309.8726857 0.0
10314.520212 0.0
10314.5477121 1.0
10315.0702151 1.0
10315.0977152 0.0
10333.6878205 0.0
10333.7153206 1.0
10334.127823 1.0
10334.1553231 0.0
10336.7953381 0.0
10336.8228382 1.0
10337.0978398 1.0
10337.1253399 0.0
10358.9329634 0.0
10358.9604635 1.0
10359.1804648 1.0
10359.2079649 0.0
10360.6104729 0.0
10360.637973 1.0
10360.9404747 1.0
10360.9679749 0.0
10373.2605445 0.0
10373.2880446 1.0
10373.5905463 1.0
10373.6180465 0.0
10385.0581112 0.0
10385.0856114 1.0
10385.3331128 1.0
10385.3606129 0.0
10413.1907705 0.0
10413.2182706 1.0
10413.5207723 1.0
10413.5482725 0.0
10423.2558274 0.0
10423.2833276 1.0
10423.5583292 1.0
10423.5858293 0.0
10455.51351 0.0
10455.5410102 1.0
10455.7885116 1.0
10455.8160117 0.0
10491.8137155 0.0
10491.8412156 1.0
10492.0612169 1.0
10492.088717 0.0
10492.3087183 0.0
10492.3362184 1.0
10492.5562197 1.0
10492.5837198 0.0
10492.8862216 0.0
10492.9137217 1.0
10493.1612231 1.0
10493.1887233 0.0
10493.5462253 0.0
10493.5737255 1.0
10493.8212269 1.0
10493.848727 0.0
10494.3162297 0.0
10494.3437298 1.0
10494.5912312 1.0
10494.6187314 0.0
10495.1412343 0.0
10495.1687345 1.0
10495.4162359 1.0
10495.443736 0.0
10496.0762396 0.0
10496.1037398 1.0
10496.3512412 1.0
10496.3787413 0.0
10497.0662452 0.0
10497.0937454 1.0
10497.3687469 1.0
10497.3962471 0.0
10498.1662514 0.0
10498.1937516 1.0
10498.4687532 1.0
10498.4962533 0.0
10499.3487581 0.0
10499.3762583 1.0
10499.6237597 1.0
10499.6512599 0.0
10500.6412655 0.0
10500.6687656 1.0
10500.916267 1.0
10500.9437672 0.0
10501.9887731 0.0
10502.0162732 1.0
10502.2637746 1.0
10502.2912748 0.0
10503.4462813 0.0
10503.4737815 1.0
10503.6937827 1.0
10503.7212829 0.0
10511.0088241 0.0
10511.0363243 1.0
10511.2563255 1.0
10511.2838257 0.0
10512.9063349 0.0
10512.933835 1.0
10513.1813364 1.0
10513.2088366 0.0
10514.9138462 0.0
10514.9413464 1.0
10515.1888478 1.0
10515.216348 0.0
10517.0038581 0.0
10517.0313582 1.0
10517.2788596 1.0
10517.3063598 0.0
10519.0663697 0.0
10519.0938699 1.0
10519.4513719 1.0
10519.4788721 0.0
10521.4588833 0.0
10521.4863834 1.0
10521.7338848 1.0
10521.761385 0.0
10523.7963965 0.0
10523.8238967 1.0
10524.0713981 1.0
10524.0988982 0.0
10526.2439104 0.0
10526.2714105 1.0
10526.5189119 1.0
10526.5464121 0.0
10528.7739247 0.0
10528.8014248 1.0
10529.0489263 1.0
10529.0764264 0.0
10531.3864395 0.0
10531.4139396 1.0
10531.661441 1.0
10531.6889412 0.0
10534.0814547 0.0
10534.1089549 1.0
10534.3564563 1.0
10534.3839564 0.0
10536.8864706 0.0
10536.9139708 1.0
10537.133972 1.0
10537.1614722 0.0
10584.7092413 0.0
10584.7367415 1.0
10584.9567427 1.0
10584.9842429 0.0
10589.4117679 0.0
10589.4392681 1.0
10589.7142696 1.0
10589.7417698 0.0
10590.4567738 0.0
10590.484274 1.0
10590.7042752 1.0
10590.7317754 0.0
10600.906833 0.0
10600.9343331 1.0
10601.1818345 1.0
10601.2093347 0.0
10611.2193914 0.0
10611.2468915 1.0
10611.4943929 1.0
10611.5218931 0.0
10611.7693945 0.0
10611.7968946 1.0
10612.044396 1.0
10612.0718962 0.0
10622.9619578 0.0
10622.989458 1.0
10623.2644595 1.0
10623.2919597 0.0
10623.5944614 0.0
10623.6219616 1.0
10624.0894642 1.0
10624.1169644 0.0
10627.7469849 0.0
10627.7744851 1.0
10628.1869874 1.0
10628.2144875 0.0
10629.9469974 0.0
10629.9744975 1.0
10630.2494991 1.0
10630.2769992 0.0
10630.3044994 1.0
10630.5245006 1.0
10630.5520008 0.0
10632.6695128 0.0
10632.6970129 1.0
10632.9170142 1.0
10632.9445143 0.0
10633.6870185 0.0
10633.7145187 1.0
10634.0720207 1.0
10634.0995209 0.0
10634.5670235 0.0
10634.5945237 1.0
10634.8420251 1.0
10634.8695252 0.0
10636.1895327 0.0
10636.2170328 1.0
10636.4645342 1.0
10636.4920344 0.0
10637.7020413 0.0
10637.7295414 1.0
10637.9770428 1.0
10638.004543 0.0
10640.0670546 0.0
10640.0945548 1.0
10640.3420562 1.0
10640.3695564 0.0
10641.9370652 0.0
10641.9645654 1.0
10642.2395669 1.0
10642.2670671 0.0
10644.2745785 0.0
10644.3020786 1.0
10644.5770802 1.0
10644.6045803 0.0
10646.5020911 0.0
10646.5295912 1.0
10646.8595931 1.0
10646.8870932 0.0
10647.0795943 0.0
10647.1070945 1.0
10647.6295974 1.0
10647.6570976 0.0
10648.8396043 0.0
10648.8671044 1.0
10649.1696062 1.0
10649.1971063 0.0
10650.5996143 0.0
10650.6271144 1.0
10651.259618 1.0
10651.2871181 0.0
10651.4796192 0.0
10651.5071194 1.0
10651.7821209 1.0
10651.8096211 0.0
10653.2671294 0.0
10653.2946295 1.0
10653.5696311 1.0
10653.5971312 0.0
10653.7621322 0.0
10653.7896323 1.0
10654.092134 1.0
10654.1196342 0.0
10656.7596491 0.0
10656.7871493 1.0
10657.089651 1.0
10657.1171511 0.0
10658.4646588 0.0
10658.4921589 1.0
10658.7671605 1.0
10658.7946606 0.0
10658.9046613 0.0
10658.9321614 1.0
10659.3446638 1.0
10659.3721639 0.0
10662.4246812 0.0
10662.4521813 1.0
10662.7271829 1.0
10662.7546831 0.0
10664.6246936 0.0
10664.6521938 1.0
10664.9546955 1.0
10664.9821957 0.0
10668.4747154 0.0
10668.5022156 1.0
10668.7222168 1.0
10668.749717 0.0
10670.1247248 0.0
10670.1522249 1.0
10670.8947291 1.0
10670.9222293 0.0
10675.0472526 0.0
10675.0747528 1.0
10675.294754 1.0
10675.3222542 0.0
10675.817257 0.0
10675.8447571 1.0
10676.532261 1.0
10676.5597612 0.0
10676.9722635 0.0
10676.9997637 1.0
10677.3022654 1.0
10677.3297656 0.0
10677.3847659 0.0
10677.412266 1.0
10677.7147677 1.0
10677.7422679 0.0
10678.1272701 0.0
10678.1547702 1.0
10678.7597736 1.0
10678.7872738 0.0
10679.2272763 0.0
10679.2547764 1.0
10679.5847783 1.0
10679.6122785 0.0
10680.0247808 0.0
10680.052281 1.0
10680.5472838 1.0
10680.5747839 0.0
10680.6572844 0.0
10680.6847845 1.0
10681.0147864 1.0
10681.0422866 0.0
10682.2247933 0.0
10682.2522934 1.0
10682.7747964 1.0
10682.8022965 0.0
10683.5723009 0.0
10683.599801 1.0
10683.8748026 1.0
10683.9023028 0.0
10684.5623065 0.0
10684.5898066 1.0
10684.9198085 1.0
10684.9473087 0.0
10687.0098203 0.0
10687.0373205 1.0
10687.6148238 1.0
10687.6423239 0.0
10689.8423364 0.0
10689.8698365 1.0
10690.1173379 1.0
10690.1448381 0.0
10691.547346 0.0
10691.5748462 1.0
10691.7948474 1.0
10691.8223476 0.0
10691.8498477 0.0
10691.8773479 1.0
10692.1248493 1.0
10692.1523495 0.0
10693.0048543 0.0
10693.0323544 1.0
10693.2523557 1.0
10693.2798558 0.0
10693.6098577 0.0
10693.6373579 1.0
10695.0398658 1.0
10695.067366 0.0
10698.4498851 0.0
10698.4773853 1.0
10699.1923893 1.0
10699.2198895 0.0
10699.4123905 0.0
10699.4398907 1.0
10699.6873921 1.0
10699.7148923 0.0
10701.5299025 0.0
10701.5574027 1.0
10702.0249053 1.0
10702.0524055 0.0
10702.0799056 1.0
10702.7674095 1.0
10702.7949097 0.0
10706.8099324 0.0
10706.8374326 1.0
10707.1399343 1.0
10707.1674344 0.0
10707.2774351 0.0
10707.3049352 1.0
10707.5799368 1.0
10707.6074369 0.0
10709.5324478 0.0
10709.559948 1.0
10709.8074494 1.0
10709.8349495 0.0
10711.4024584 0.0
10711.4299586 1.0
10711.7599604 1.0
10711.7874606 0.0
10714.8949782 0.0
10714.9224783 1.0
10715.3074805 1.0
10715.3349807 0.0
10715.5274818 0.0
10715.5549819 1.0
10715.8024833 1.0
10715.8299835 0.0
10717.2324914 0.0
10717.2599916 1.0
10717.5899934 1.0
10717.6174936 0.0
10717.7274942 0.0
10717.7549944 1.0
10718.0024958 1.0
10718.0299959 0.0
10718.6899997 0.0
10718.7174998 1.0
10719.5975048 1.0
10719.625005 0.0
10720.7800115 0.0
10720.8075116 1.0
10721.3025144 1.0
10721.3300146 0.0
10723.3650261 0.0
10723.3925263 1.0
10724.3825319 1.0
10724.410032 0.0
10725.5375384 0.0
10725.5650386 1.0
10726.5550442 1.0
10726.5825443 0.0
10729.3600601 0.0
10729.3875602 1.0
10730.0750641 1.0
10730.1025643 0.0
10731.2025705 0.0
10731.2300706 1.0
10731.5600725 1.0
10731.5875727 0.0
10733.0175808 0.0
10733.0450809 1.0
10733.2925823 1.0
10733.3200825 0.0
10735.1900931 0.0
10735.2175932 1.0
10735.4375945 1.0
10735.4650946 0.0
10742.065132 0.0
10742.0926321 1.0
10742.6701354 1.0
10742.6976355 0.0
10745.8601535 0.0
10745.8876536 1.0
10748.1701665 1.0
10748.1976667 0.0
10748.6926695 0.0
10748.7201696 1.0
10749.4351737 1.0
10749.4626738 0.0
10752.5426913 0.0
10752.5701914 1.0
10752.845193 1.0
10752.8726931 0.0
10755.1827062 0.0
10755.2102064 1.0
10755.5952086 1.0
10755.6227087 0.0
10757.3552185 0.0
10757.3827187 1.0
10757.7402207 1.0
10757.7677208 0.0
10763.1302512 0.0
10763.1577514 1.0
10763.7077545 1.0
10763.7352546 0.0
10763.982756 0.0
10764.0102562 1.0
10764.7527604 1.0
10764.7802605 0.0
10771.3527977 0.0
10771.3802979 1.0
10772.0953019 1.0
10772.1228021 0.0
10773.9653125 0.0
10773.9928127 1.0
10776.4403265 1.0
10776.4678267 0.0
10781.6653561 0.0
10781.6928563 1.0
10782.4903608 1.0
10782.5178609 0.0
10784.1403701 0.0
10784.1678703 1.0
10785.2403764 1.0
10785.2678765 0.0
10794.7279301 0.0
10794.7554302 1.0
10795.5254346 1.0
10795.5529347 0.0
10797.6704467 0.0
10797.6979469 1.0
10798.4679512 1.0
10798.4954514 0.0
10799.9254595 0.0
10799.9529596 1.0
10800.3379618 1.0
10800.365462 0.0
10801.6579693 0.0
10801.6854694 1.0
10803.4454794 1.0
10803.4729796 0.0
10806.0854943 0.0
10806.1129945 1.0
10807.1580004 1.0
10807.1855006 0.0
10808.9455105 0.0
10808.9730107 1.0
10809.743015 1.0
10809.7705152 0.0
10811.860527 0.0
10811.8880272 1.0
10812.3280297 1.0
10812.3555298 0.0
10812.5205308 0.0
10812.5480309 1.0
10812.7955323 1.0
10812.8230325 0.0
10812.8780328 0.0
10812.9055329 1.0
10815.4905476 1.0
10815.5180477 0.0
10818.4605644 0.0
10818.4880645 1.0
10819.5055703 1.0
10819.5330705 0.0
10820.3030748 0.0
10820.330575 1.0
10820.9355784 1.0
10820.9630785 0.0
10821.568082 0.0
10821.5955821 1.0
10821.8155834 1.0
10821.8430835 0.0
10824.8406005 0.0
10824.8681007 1.0
10825.3631035 1.0
10825.3906036 0.0
10833.943152 0.0
10833.9706522 1.0
10837.6831732 1.0
10837.7106733 0.0
10840.130687 0.0
10840.1581872 1.0
10841.533195 1.0
10841.5606951 0.0
10843.2932049 0.0
10843.3207051 1.0
10844.2557104 1.0
10844.2832105 0.0
10845.4382171 0.0
10845.4657172 1.0
10846.840725 1.0
10846.8682252 0.0
10848.0507319 0.0
10848.078232 1.0
10848.3532336 1.0
10848.3807337 0.0
10849.2332386 0.0
10849.2607387 1.0
10849.5082401 1.0
10849.5357403 0.0
10851.955754 0.0
10851.9832541 1.0
10853.5232628 1.0
10853.550763 0.0
10853.8532647 0.0
10853.8807649 1.0
10854.6507692 1.0
10854.6782694 0.0
10854.78827 0.0
10854.8157702 1.0
10855.1732722 1.0
10855.2007723 0.0
10855.3382731 0.0
10855.3657733 1.0
10856.0807773 1.0
10856.1082775 0.0
10859.1332946 0.0
10859.1607948 1.0
10864.5783254 1.0
10864.6058256 0.0
10865.8433326 0.0
10865.8708327 1.0
10866.9433388 1.0
10866.970839 0.0
10870.2433575 0.0
10870.2708576 1.0
10872.8283721 1.0
10872.8558723 0.0
10877.3108975 0.0
10877.3383976 1.0
10878.4934042 1.0
10878.5209043 0.0
10878.9609068 0.0
10878.988407 1.0
10879.5384101 1.0
10879.5659103 0.0
10884.3234372 0.0
10884.3509373 1.0
10885.7534453 1.0
10885.7809454 0.0
10889.1084643 0.0
10889.1359644 1.0
10890.1809703 1.0
10890.2084705 0.0
10890.7859738 0.0
10890.8134739 1.0
10893.4534889 1.0
10893.480989 0.0
10893.9209915 0.0
10893.9484917 1.0
10896.0935038 1.0
10896.121004 0.0
10896.6435069 0.0
10896.6710071 1.0
10896.9460086 1.0
10896.9735088 0.0
10897.4410114 0.0
10897.4685116 1.0
10897.7435131 1.0
10897.7710133 0.0
10900.3010276 0.0
10900.3285278 1.0
10908.1935723 1.0
10908.2210724 0.0
10911.7685925 0.0
10911.7960927 1.0
10912.5385969 1.0
10912.566097 0.0
10913.7211036 0.0
10913.7486037 1.0
10914.1336059 1.0
10914.1611061 0.0
10918.038628 0.0
10918.0661282 1.0
10918.6161313 1.0
10918.6436314 0.0
10919.7436377 0.0
10919.7711378 1.0
10920.4586417 1.0
10920.4861419 0.0
10923.8411609 0.0
10923.868661 1.0
10930.4686984 1.0
10930.4961985 0.0
10931.3487034 0.0
10931.3762035 1.0
10931.7062054 1.0
10931.7337055 0.0
10933.0262129 0.0
10933.053713 1.0
10934.648722 1.0
10934.6762222 0.0
10936.5737329 0.0
10936.6012331 1.0
10936.9037348 1.0
10936.931235 0.0
10937.2612368 0.0
10937.288737 1.0
10939.0212468 1.0
10939.0487469 0.0
10941.1662589 0.0
10941.1937591 1.0
10942.0737641 1.0
10942.1012642 0.0
10942.5412667 0.0
10942.5687669 1.0
10943.6137728 1.0
10943.6412729 0.0
10944.4112773 0.0
10944.4387774 1.0
10951.2863162 1.0
10951.3138164 0.0
10952.0288204 0.0
10952.0563206 1.0
10952.3313221 1.0
10952.3588223 0.0
10952.5788235 0.0
10952.6063237 1.0
10954.256333 1.0
10954.2838332 0.0
10956.5938463 0.0
10956.6213464 1.0
10964.4313906 1.0
10964.4588908 0.0
10964.678892 0.0
10964.7063922 1.0
10966.1639004 1.0
10966.1914006 0.0
10971.911433 0.0
10971.9389331 1.0
10972.8739384 1.0
10972.9014386 0.0
10973.8089437 0.0
10973.8364438 1.0
10974.0564451 1.0
10974.0839452 0.0
10974.9364501 0.0
10974.9639502 1.0
10982.6089935 1.0
10982.6364937 0.0
10984.4790041 0.0
10984.5065042 1.0
10992.3440486 1.0
10992.3715488 0.0
10993.1415531 0.0
10993.1690533 1.0
11003.4266113 1.0
11003.4541115 0.0
11004.0591149 0.0
11004.0866151 1.0
11013.6566692 1.0
11013.6841694 0.0
11015.4441794 0.0
11015.4716795 1.0
11015.7741812 1.0
11015.8016814 0.0
11016.0766829 0.0
11016.1041831 1.0
11037.994307 1.0
11038.0218072 0.0
11039.2043138 0.0
11039.231814 1.0
11051.1393814 1.0
11051.1668816 0.0
11051.1943817 1.0
11051.6618844 1.0
11051.6893845 0.0
11051.7993851 0.0
11051.8268853 1.0
11069.3994848 1.0
11069.4269849 0.0
11069.9219877 0.0
11069.9494879 1.0
11070.2519896 1.0
11070.2794897 0.0
11071.3519958 0.0
11071.379496 1.0
11681.4704492 1.0
11681.4979494 0.0
11681.7729509 0.0
11681.8004511 1.0
11689.8579967 1.0
11689.8854968 0.0
11690.793002 0.0
11690.8205021 1.0
11696.4855342 1.0
11696.5130344 0.0
11696.5405345 1.0
11696.8155361 1.0
11696.8430362 0.0
11698.0805432 0.0
11698.1080434 1.0
11715.0206391 1.0
11715.0481393 0.0
11715.3231408 0.0
11715.350641 1.0
11715.5706422 1.0
11715.5981424 0.0
11715.8456438 0.0
11715.8731439 1.0
11716.3681467 1.0
11716.3956469 0.0
11716.6431483 0.0
11716.6706485 1.0
11716.9731502 1.0
11717.0006503 0.0
11717.0281505 1.0
11733.720745 1.0
11733.7482451 0.0
11734.1607475 0.0
11734.1882476 1.0
11746.2608159 1.0
11746.2883161 0.0
11746.3158163 1.0
11746.8383192 1.0
11746.8658194 0.0
11747.0033201 0.0
11747.0308203 1.0
11750.6058405 1.0
11750.6333407 0.0
11750.9083422 0.0
11750.9358424 1.0
11751.1833438 1.0
11751.210844 0.0
11751.2658443 0.0
11751.2933444 1.0
11758.9108875 1.0
11758.9383877 0.0
11762.5959084 0.0
11762.6234086 1.0
11763.1734117 1.0
11763.2009118 0.0
11763.7509149 0.0
11763.7784151 1.0
11764.2734179 1.0
11764.3009181 0.0
11764.4109187 0.0
11764.4384188 1.0
11764.7684207 1.0
11764.7959209 0.0
11765.5109249 0.0
11765.5384251 1.0
11767.7109374 1.0
11767.7384375 0.0
11767.7934378 0.0
11767.820938 1.0
11768.0409392 1.0
11768.0684394 0.0
11770.4609529 0.0
11770.4884531 1.0
11787.7035505 1.0
11787.7310507 0.0
11790.976069 0.0
11791.0035692 1.0
11791.2235704 1.0
11791.2510706 0.0
11792.021075 0.0
11792.0485751 1.0
11801.8936308 1.0
11801.921131 0.0
11803.3786392 0.0
11803.4061394 1.0
11805.4136508 1.0
11805.4411509 0.0
11805.8536532 0.0
11805.8811534 1.0
11806.156155 1.0
11806.1836551 0.0
11806.5686573 0.0
11806.5961575 1.0
11829.311286 1.0
11829.3387862 0.0
11829.6137877 0.0
11829.6412879 1.0
11831.5937989 1.0
11831.6212991 0.0
11831.8413003 0.0
11831.8688005 1.0
11832.5288042 1.0
11832.5563044 0.0
11832.6938052 0.0
11832.7213053 1.0
11833.6013103 1.0
11833.6288105 0.0
11835.1688192 0.0
11835.1963193 1.0
11856.0414373 1.0
11856.0689375 0.0
11856.5914404 0.0
11856.6189406 1.0
11857.8839478 1.0
11857.9114479 0.0
11858.0764488 0.0
11858.103949 1.0
11861.2114666 1.0
11861.2389667 0.0
11861.2939671 0.0
11861.3214672 1.0
11862.0089711 1.0
11862.0364713 0.0
11862.9989767 0.0
11863.0264769 1.0
11895.201659 1.0
11895.2291591 0.0
11897.5391722 0.0
11897.5666724 1.0
11914.3142672 1.0
11914.3417673 0.0
11916.8167813 0.0
11916.8442815 1.0
11921.8218097 1.0
11921.8493098 0.0
11923.3618184 0.0
11923.3893185 1.0
11923.829321 1.0
11923.8568212 0.0
11925.0393279 0.0
11925.066828 1.0
11928.9718501 1.0
11928.9993503 0.0
11931.1168623 0.0
11931.1443624 1.0
11938.3769034 1.0
11938.4044035 0.0
11940.9344178 0.0
11940.961918 1.0
11941.9519236 1.0
11941.9794238 0.0
11943.436932 0.0
11943.4644322 1.0
11947.5894555 1.0
11947.6169557 0.0
11948.1669588 0.0
11948.1944589 1.0
11948.9919634 1.0
11949.0194636 0.0
11949.2119647 0.0
11949.2394648 1.0
11953.3094879 1.0
11953.336988 0.0
11953.6669899 0.0
11953.6944901 1.0
11966.1245604 1.0
11966.1520606 0.0
11967.0045654 0.0
11967.0320656 1.0
11967.4995682 1.0
11967.5270684 0.0
11968.2695726 0.0
11968.2970727 1.0
11968.5720743 1.0
11968.5995744 0.0
11968.6270746 1.0
11970.9370877 1.0
11970.9645878 0.0
11971.707092 0.0
11971.7345922 1.0
11978.6371312 1.0
11978.6646314 0.0
11979.5446364 0.0
11979.5721365 1.0
11979.8746382 1.0
11979.9021384 0.0
11981.4696473 0.0
11981.4971474 1.0
11982.487153 1.0
11982.5146532 0.0
11982.9546557 0.0
11982.9821558 1.0
11994.3397201 1.0
11994.3672203 0.0
11995.7147279 0.0
11995.7422281 1.0
11998.9322461 1.0
11998.9597463 0.0
12000.0047522 0.0
12000.0322523 1.0
12021.2623725 1.0
12021.2898727 0.0
12024.1498889 0.0
12024.177389 1.0
12024.9473934 1.0
12024.9748935 0.0
12025.0848941 0.0
12025.1123943 1.0
12028.1374114 1.0
12028.1649116 0.0
12028.3024124 0.0
12028.3299125 1.0
12045.5175098 1.0
12045.54501 0.0
12045.5725101 0.0
12045.6000103 1.0
12056.16007 1.0
12056.1875702 0.0
12058.8550853 0.0
12058.8825855 1.0
12062.3751052 1.0
12062.4026054 0.0
12062.7601074 0.0
12062.7876076 1.0
12063.035109 1.0
12063.0626091 0.0
12063.0901093 1.0
12067.7101354 1.0
12067.7376356 0.0
12067.985137 0.0
12068.0126371 1.0
12068.2876387 1.0
12068.3151388 0.0
12068.6726409 0.0
12068.700141 1.0
12076.3726844 1.0
12076.4001846 0.0
12076.5926857 0.0
12076.6201858 1.0
12076.8401871 1.0
12076.8676872 0.0
12077.9401933 0.0
12077.9676935 1.0
12079.0126994 1.0
12079.0401995 0.0
12079.2327006 0.0
12079.2602008 1.0
12083.7977265 1.0
12083.8252266 0.0
12083.9902276 0.0
12084.0177277 1.0
12087.2352459 1.0
12087.2627461 0.0
12087.785249 0.0
12087.8127492 1.0
12096.255297 1.0
12096.2827971 0.0
12097.3278031 0.0
12097.3553032 1.0
12102.2228308 1.0
12102.2503309 0.0
12102.6628333 0.0
12102.6903334 1.0
12103.4053375 1.0
12103.4328376 0.0
12103.4603378 1.0
12103.7078392 1.0
12103.7353393 0.0
12104.2578423 0.0
12104.2853424 1.0
12104.9728463 1.0
12105.0003465 0.0
12105.0278466 0.0
12105.0553468 1.0
12105.3028482 1.0
12105.3303484 0.0
12106.5953555 0.0
12106.6228557 1.0
12107.3103596 1.0
12107.3378597 0.0
12108.3003652 0.0
12108.3278653 1.0
12108.5478666 1.0
12108.5753667 0.0
12109.7578734 0.0
12109.7853736 1.0
12121.1154377 1.0
12121.1429379 0.0
12121.3354389 0.0
12121.3629391 1.0
12127.6879749 1.0
12127.7154751 0.0
12128.2654782 0.0
12128.2929783 1.0
12128.6779805 1.0
12128.7054807 0.0
12129.2554838 0.0
12129.2829839 1.0
12131.592997 1.0
12131.6204972 0.0
12132.3905015 0.0
12132.4180017 1.0
12133.3255068 1.0
12133.353007 0.0
12133.4355074 0.0
12133.4630076 1.0
12133.7655093 1.0
12133.7930095 0.0
12137.0105277 0.0
12137.0380278 1.0
12156.1781362 1.0
12156.2056363 0.0
12161.8431682 0.0
12161.8706684 1.0
12165.1156868 1.0
12165.1431869 0.0
12165.7206902 0.0
12165.7481903 1.0
12170.9182196 1.0
12170.9457198 0.0
12176.7757528 0.0
12176.8032529 1.0
12177.2982557 1.0
12177.3257559 0.0
12178.590763 0.0
12178.6182632 1.0
12183.3757901 1.0
12183.4032903 0.0
12183.4582906 0.0
12183.4857907 1.0
12184.1182943 1.0
12184.1457945 0.0
12184.3107954 0.0
12184.3382956 1.0
12184.9707991 1.0
12184.9982993 0.0
12185.2183005 0.0
12185.2458007 1.0
12185.9608047 1.0
12185.9883049 0.0
12186.2358063 0.0
12186.2633065 1.0
12187.0333108 1.0
12187.060811 0.0
12187.3633127 0.0
12187.3908128 1.0
12195.5583591 1.0
12195.5858592 0.0
12196.4933644 0.0
12196.5208645 1.0
12197.318369 1.0
12197.3458692 0.0
12198.0608732 0.0
12198.0883734 1.0
12199.958384 1.0
12199.9858841 0.0
12200.3983865 0.0
12200.4258866 1.0
12201.1408907 1.0
12201.1683908 0.0
12201.5258928 0.0
12201.553393 1.0
12204.6609106 1.0
12204.6884107 0.0
12204.8259115 0.0
12204.8534117 1.0
12205.2934142 1.0
12205.3209143 0.0
12206.2834198 0.0
12206.3109199 1.0
12207.2459252 1.0
12207.2734254 0.0
12208.3184313 0.0
12208.3459314 1.0
12208.7859339 1.0
12208.8134341 0.0
12210.7109448 0.0
12210.738445 1.0
12211.3159483 1.0
12211.3434484 0.0
12213.0759582 0.0
12213.1034584 1.0
12219.565995 1.0
12219.5934951 0.0
12221.4910058 0.0
12221.518506 1.0
12222.2610102 1.0
12222.2885104 0.0
12224.4060223 0.0
12224.4335225 1.0
12228.3935449 1.0
12228.4210451 0.0
12229.823553 0.0
12229.8510532 1.0
12231.8310644 1.0
12231.8585645 0.0
12234.0035767 0.0
12234.0310768 1.0
12238.7061033 1.0
12238.7336034 0.0
12240.9886162 0.0
12241.0161164 1.0
12243.8211322 1.0
12243.8486324 0.0
12243.9861332 0.0
12244.0136333 1.0
12245.718643 1.0
12245.7461431 0.0
12248.3861581 0.0
12248.4136582 1.0
12248.9636614 1.0
12248.9911615 0.0
12250.1186679 0.0
12250.146168 1.0
12251.191174 1.0
12251.2186741 0.0
12252.1811796 0.0
12252.2086797 1.0
12255.3436975 1.0
12255.3711976 0.0
12256.141202 0.0
12256.1687021 1.0
12256.6912051 1.0
12256.7187052 0.0
12260.0187239 0.0
12260.0462241 1.0
12262.4112375 1.0
12262.4387376 0.0
12264.3912487 0.0
12264.4187488 1.0
12264.8587513 1.0
12264.8862515 0.0
12266.041258 0.0
12266.0687582 1.0
12268.3787712 1.0
12268.4062714 0.0
12268.5987725 0.0
12268.6262726 1.0
12272.5587949 1.0
12272.5862951 0.0
12272.6412954 0.0
12272.6687955 1.0
12276.2713159 1.0
12276.2988161 0.0
12276.463817 0.0
12276.4913172 1.0
12276.7113184 1.0
12276.7388186 0.0
12277.3713221 0.0
12277.3988223 1.0
12277.8938251 1.0
12277.9213253 0.0
12278.058826 0.0
12278.0863262 1.0
12278.8288304 1.0
12278.8563306 0.0
12278.9938313 0.0
12279.0213315 1.0
12280.3138388 1.0
12280.341339 0.0
12282.1563492 0.0
12282.1838494 1.0
12282.4588509 1.0
12282.4863511 0.0
12283.6963579 0.0
12283.7238581 1.0
12284.5488628 1.0
12284.5763629 0.0
12286.8588758 0.0
12286.886376 1.0
12287.1338774 1.0
12287.1613776 0.0
12287.8488815 0.0
12287.8763816 1.0
12289.9938936 1.0
12290.0213937 0.0
12293.5139135 0.0
12293.5414137 1.0
12294.1189169 1.0
12294.1464171 0.0
12294.4489188 0.0
12294.476419 1.0
12296.3189294 1.0
12296.3464295 0.0
12300.306452 0.0
12300.3339521 1.0
12301.9564613 1.0
12301.9839615 0.0
12303.0289674 0.0
12303.0564675 1.0
12303.8264719 1.0
12303.853972 0.0
12308.8315002 0.0
12308.8590004 1.0
12309.4640038 1.0
12309.491504 0.0
12311.9940181 0.0
12312.0215183 1.0
12312.8740231 1.0
12312.9015233 0.0
12314.3865317 0.0
12314.4140318 1.0
12314.8265341 1.0
12314.8540343 0.0
12317.1640474 0.0
12317.1915475 1.0
12318.5665553 1.0
12318.5940555 0.0
12325.7990963 0.0
12325.8265964 1.0
12327.3116048 1.0
12327.339105 0.0
12327.5866064 0.0
12327.6141065 1.0
12328.9616142 1.0
12328.9891143 0.0
12330.2816216 0.0
12330.3091218 1.0
12331.1616266 1.0
12331.1891268 0.0
12331.7941302 0.0
12331.8216303 1.0
12332.7291355 1.0
12332.7566356 0.0
12332.8116359 0.0
12332.8391361 1.0
12333.2791386 1.0
12333.3066388 0.0
12333.3341389 1.0
12335.3141501 1.0
12335.3416503 0.0
12344.7742037 0.0
12344.8017038 1.0
12345.4342074 1.0
12345.4617076 0.0
12348.184223 0.0
12348.2117231 1.0
12348.6792258 1.0
12348.7067259 0.0
12350.9342385 0.0
12350.9617387 1.0
12351.6217424 1.0
12351.6492426 0.0
12352.1992457 0.0
12352.2267458 1.0
12352.5567477 1.0
12352.5842479 0.0
12352.6667483 0.0
12352.6942485 1.0
12353.2442516 1.0
12353.2717518 0.0
12354.72926 0.0
12354.7567602 1.0
12355.3892637 1.0
12355.4167639 0.0
12357.8642778 0.0
12357.8917779 1.0
12358.4692812 1.0
12358.4967813 0.0
12366.6093273 0.0
12366.6368274 1.0
12367.6818333 1.0
12367.7093335 0.0
12369.0568411 0.0
12369.0843413 1.0
12369.6618445 1.0
12369.6893447 0.0
12369.8818458 0.0
12369.9093459 1.0
12370.1293472 1.0
12370.1568473 0.0
12371.5593553 0.0
12371.5868554 1.0
12372.219359 1.0
12372.2468592 0.0
12377.8018906 0.0
12377.8293908 1.0
12378.1593926 1.0
12378.1868928 0.0
12380.1944041 0.0
12380.2219043 1.0
12380.7444073 1.0
12380.7719074 0.0
12385.8319361 0.0
12385.8594362 1.0
12386.6569407 1.0
12386.6844409 0.0
12404.724543 0.0
12404.7520431 1.0
12405.1645455 1.0
12405.1920456 0.0
12406.4570528 0.0
12406.484553 1.0
12407.0620562 1.0
12407.0895564 0.0
12409.8395719 0.0
12409.8670721 1.0
12410.6370765 1.0
12410.6645766 0.0
12415.9171063 0.0
12415.9446065 1.0
12416.1921079 1.0
12416.2196081 0.0
12418.3646202 0.0
12418.3921204 1.0
12418.7496224 1.0
12418.7771225 0.0
12439.182238 0.0
12439.2097382 1.0
12439.4847397 1.0
12439.5122399 0.0
12442.8397587 0.0
12442.8672589 1.0
12443.4722623 1.0
12443.4997625 0.0
12452.8498154 0.0
12452.8773155 1.0
12453.2073174 1.0
12453.2348176 0.0
12466.6273934 0.0
12466.6548935 1.0
12467.259897 1.0
12467.2873971 0.0
12480.7074731 0.0
12480.7349732 1.0
12481.6699785 1.0
12481.6974787 0.0
12481.9724802 0.0
12481.9999804 1.0
12482.4399829 1.0
12482.467483 0.0
12486.9225083 0.0
12486.9500084 1.0
12487.1700097 1.0
12487.1975098 0.0
12495.6125574 0.0
12495.6400576 1.0
12496.410062 1.0
12496.4375621 0.0
12510.6826427 0.0
12510.7101429 1.0
12511.5351476 1.0
12511.5626477 0.0
12511.8651494 0.0
12511.8926496 1.0
12512.140151 1.0
12512.1676511 0.0
12517.6676823 0.0
12517.6951824 1.0
12518.1351849 1.0
12518.1626851 0.0
12525.917729 0.0
12525.9452291 1.0
12526.9627349 1.0
12526.990235 0.0
12537.1927928 0.0
12537.2202929 1.0
12537.4677943 1.0
12537.4952945 0.0
12541.4553169 0.0
12541.4828171 1.0
12542.7203241 1.0
12542.7478242 0.0
12543.9028308 0.0
12543.9303309 1.0
12544.2053325 1.0
12544.2328326 0.0
12554.2153891 0.0
12554.2428893 1.0
12554.7103919 1.0
12554.7378921 0.0
12557.3504069 0.0
12557.377907 1.0
12558.8904156 1.0
12558.9179158 0.0
12559.3854184 0.0
12559.4129186 1.0
12559.7979207 1.0
12559.8254209 0.0
12562.7404374 0.0
12562.7679376 1.0
12563.1804399 1.0
12563.20794 0.0
12570.4129808 0.0
12570.440481 1.0
12570.6604822 1.0
12570.6879824 0.0
12570.8804835 0.0
12570.9079836 1.0
12571.155485 1.0
12571.1829852 0.0
12573.5479986 0.0
12573.5754987 1.0
12575.2255081 1.0
12575.2530082 0.0
12575.7205109 0.0
12575.748011 1.0
12576.0780129 1.0
12576.105513 0.0
12578.1405246 0.0
12578.1680247 1.0
12578.4155261 1.0
12578.4430263 0.0
12579.2405308 0.0
12579.2680309 1.0
12579.5980328 1.0
12579.625533 0.0
12580.86304 0.0
12580.8905401 1.0
12581.2755423 1.0
12581.3030425 0.0
12584.3555597 0.0
12584.3830599 1.0
12584.7955622 1.0
12584.8230624 0.0
12585.9505688 0.0
12585.9780689 1.0
12586.2255703 1.0
12586.2530705 0.0
12586.2805706 0.0
12586.3080708 1.0
12586.8030736 1.0
12586.8305738 0.0
12588.9755859 0.0
12589.0030861 1.0
12589.3055878 1.0
12589.3330879 0.0
12589.7180901 0.0
12589.7455903 1.0
12592.6606068 1.0
12592.6881069 0.0
12593.8431134 0.0
12593.8706136 1.0
12594.118115 1.0
12594.1456152 0.0
12594.8606192 0.0
12594.8881194 1.0
12595.3281219 1.0
12595.355622 0.0
12595.4106223 0.0
12595.4381225 1.0
12596.0981262 1.0
12596.1256264 0.0
12597.9406366 0.0
12597.9681368 1.0
12598.7931415 1.0
12598.8206416 0.0
12601.3506559 0.0
12601.3781561 1.0
12602.2306609 1.0
12602.2581611 0.0
12604.183172 0.0
12604.2106721 1.0
12605.2281779 1.0
12605.255678 0.0
12606.7681866 0.0
12606.7956868 1.0
12609.0506995 1.0
12609.0781997 0.0
12609.848204 0.0
12609.8757042 1.0
12610.1507058 1.0
12610.1782059 0.0
12610.6732087 0.0
12610.7007089 1.0
12611.965716 1.0
12611.9932162 0.0
12614.0282277 0.0
12614.0557279 1.0
12615.3757353 1.0
12615.4032355 0.0
12615.4582358 0.0
12615.4857359 1.0
12615.7882377 1.0
12615.8157378 0.0
12617.4657472 0.0
12617.4932473 1.0
12619.0057559 1.0
12619.033256 0.0
12619.5832591 0.0
12619.6107593 1.0
12619.8857609 1.0
12619.913261 0.0
12620.7657658 0.0
12620.793266 1.0
12622.388275 1.0
12622.4157752 0.0
12622.910778 0.0
12622.9382781 1.0
12623.2132797 1.0
12623.2407798 0.0
12624.0107842 0.0
12624.0382844 1.0
12626.9258007 1.0
12626.9533009 0.0
12627.7508054 0.0
12627.7783055 1.0
12630.1433189 1.0
12630.1708191 0.0
12631.3258256 0.0
12631.3533258 1.0
12633.9658405 1.0
12633.9933407 0.0
12634.405843 0.0
12634.4333432 1.0
12634.7083448 1.0
12634.7358449 0.0
12635.0383466 0.0
12635.0658468 1.0
12637.3758599 1.0
12637.40336 0.0
12638.5308664 0.0
12638.5583665 1.0
12639.1908701 1.0
12639.2183703 0.0
12639.4658717 0.0
12639.4933718 1.0
12645.1034036 1.0
12645.1309037 0.0
12647.4409168 0.0
12647.468417 1.0
12649.8334304 1.0
12649.8609305 0.0
12650.4659339 0.0
12650.4934341 1.0
12653.133449 1.0
12653.1609492 0.0
12653.7109523 0.0
12653.7384525 1.0
12654.0409542 1.0
12654.0684543 0.0
12655.3334615 0.0
12655.3609617 1.0
12655.6909635 1.0
12655.7184637 0.0
12655.7459638 1.0
12658.1659775 1.0
12658.1934777 0.0
12658.5784799 0.0
12658.60598 1.0
12661.9059987 1.0
12661.9334989 0.0
12663.2535063 0.0
12663.2810065 1.0
12663.5835082 1.0
12663.6110083 0.0
12664.1610115 0.0
12664.1885116 1.0
12666.5810252 1.0
12666.6085253 0.0
12667.1310283 0.0
12667.1585284 1.0
12669.9635443 1.0
12669.9910445 0.0
12670.2110457 0.0
12670.2385459 1.0
12671.2010513 1.0
12671.2285515 0.0
12671.4485527 0.0
12671.4760529 1.0
12671.7510544 1.0
12671.7785546 0.0
12673.5935649 0.0
12673.621065 1.0
12675.4910756 1.0
12675.5185757 0.0
12675.5735761 0.0
12675.6010762 1.0
12678.736094 1.0
12678.7635941 0.0
12680.9086063 0.0
12680.9361064 1.0
12681.1836078 1.0
12681.211108 0.0
12681.2386081 1.0
12681.4861095 1.0
12681.5136097 0.0
12681.5411098 1.0
12699.416211 1.0
12699.4437112 0.0
12699.938714 0.0
12699.9662141 1.0
12701.891225 1.0
12701.9187252 0.0
12702.9912312 0.0
12703.0187314 1.0
12704.8062415 1.0
12704.8337417 0.0
12705.6862465 0.0
12705.7137467 1.0
12708.4637622 1.0
12708.4912624 0.0
12709.4262677 0.0
12709.4537678 1.0
12711.2412779 1.0
12711.2687781 0.0
12711.3512786 0.0
12711.3787787 1.0
12711.9287818 1.0
12711.956282 0.0
12712.5887856 0.0
12712.6162857 1.0
12713.7987924 1.0
12713.8262926 0.0
12714.4037958 0.0
12714.431296 1.0
12714.8162982 1.0
12714.8437983 0.0
12715.668803 0.0
12715.6963032 1.0
12715.9438046 1.0
12715.9713047 0.0
12715.9988049 1.0
12718.1988173 1.0
12718.2263175 0.0
12718.4188186 0.0
12718.4463187 1.0
12718.8038208 1.0
12718.8313209 0.0
12719.3263237 0.0
12719.3538239 1.0
12721.2513346 1.0
12721.2788348 0.0
12721.9938388 0.0
12722.021339 1.0
12723.0388447 1.0
12723.0663449 0.0
12723.8913495 0.0
12723.9188497 1.0
12724.331352 1.0
12724.3588522 0.0
12724.7988547 0.0
12724.8263548 1.0
12726.1188622 1.0
12726.1463623 0.0
12726.2563629 0.0
12726.2838631 1.0
12729.1163791 1.0
12729.1438793 0.0
12729.5563816 0.0
12729.5838818 1.0
12731.4538924 1.0
12731.4813925 0.0
12732.636399 0.0
12732.6638992 1.0
12732.8839004 1.0
12732.9114006 0.0
12735.7439166 0.0
12735.7714168 1.0
12736.0189182 1.0
12736.0464183 0.0
12736.2939197 0.0
12736.3214199 1.0
12738.9339347 1.0
12738.9614348 0.0
12738.988935 1.0
12739.2089362 1.0
12739.2364364 0.0
12740.1439415 0.0
12740.1714417 1.0
12741.986452 1.0
12742.0139521 0.0
12742.866457 0.0
12742.8939571 1.0
12743.1139584 1.0
12743.1414585 0.0
12743.8839627 0.0
12743.9114629 1.0
12745.3139708 1.0
12745.341471 0.0
12745.9464744 0.0
12745.9739745 1.0
12746.1939758 1.0
12746.2214759 0.0
12747.8714853 0.0
12747.8989854 1.0
12750.0164974 1.0
12750.0439976 0.0
12751.0340032 0.0
12751.0615033 1.0
12752.6840125 1.0
12752.7115127 0.0
12759.1190489 0.0
12759.1465491 1.0
12760.6315575 1.0
12760.6590577 0.0
12762.1990664 0.0
12762.2265665 1.0
12764.8940816 1.0
12764.9215818 0.0
12769.5141078 0.0
12769.5416079 1.0
12772.0166219 1.0
12772.0441221 0.0
12773.6666313 0.0
12773.6941314 1.0
12774.8766381 1.0
12774.9041383 0.0
12782.3291803 0.0
12782.3566805 1.0
12784.7766942 1.0
12784.8041943 0.0
12785.3816976 0.0
12785.4091978 1.0
12786.3992034 1.0
12786.4267035 0.0
12790.3317256 0.0
12790.3592258 1.0
12790.7992283 1.0
12790.8267284 0.0
12792.2842367 0.0
12792.3117368 1.0
12793.7692451 1.0
12793.7967452 0.0
12794.3467483 0.0
12794.3742485 1.0
12795.2542535 1.0
12795.2817536 0.0
12796.40926 0.0
12796.4367602 1.0
12798.2242703 1.0
12798.2517704 0.0
12798.6642728 0.0
12798.6917729 1.0
12800.3417823 1.0
12800.3692824 0.0
12802.3767938 0.0
12802.4042939 1.0
12802.7067957 1.0
12802.7342958 0.0
12803.641801 0.0
12803.6693011 1.0
12805.0993092 1.0
12805.1268094 0.0
12806.6393179 0.0
12806.6668181 1.0
12807.3818221 1.0
12807.4093223 0.0
12807.6293235 0.0
12807.6568237 1.0
12809.1693322 1.0
12809.1968324 0.0
12809.6093347 0.0
12809.6368349 1.0
12810.2968386 1.0
12810.3243388 0.0
12812.7718526 0.0
12812.7993528 1.0
12813.1018545 1.0
12813.1293547 0.0
12814.1468604 0.0
12814.1743606 1.0
12814.4768623 1.0
12814.5043624 0.0
12814.5868629 0.0
12814.6143631 1.0
12814.9443649 1.0
12814.9718651 0.0
12819.2068891 0.0
12819.2343892 1.0
12819.729392 1.0
12819.7568922 0.0
12820.1693945 0.0
12820.1968947 1.0
12820.8568984 1.0
12820.8843986 0.0
12822.1494057 0.0
12822.1769059 1.0
12822.6444085 1.0
12822.6719087 0.0
12824.2119174 0.0
12824.2394175 1.0
12825.2844235 1.0
12825.3119236 0.0
12830.9494555 0.0
12830.9769557 1.0
12832.4344639 1.0
12832.4619641 0.0
12833.3969694 0.0
12833.4244695 1.0
12833.8094717 1.0
12833.8369719 0.0
12834.9094779 0.0
12834.9369781 1.0
12835.3219803 1.0
12835.3494804 0.0
12836.8894891 0.0
12836.9169893 1.0
12837.4119921 1.0
12837.4394923 0.0
12841.3995147 0.0
12841.4270148 1.0
12842.4720207 1.0
12842.4995209 0.0
12844.9195346 0.0
12844.9470348 1.0
12846.9820463 1.0
12847.0095464 0.0
12847.9720519 0.0
12847.999552 1.0
12848.3020537 1.0
12848.3295539 0.0
12849.9245629 0.0
12849.9520631 1.0
12850.3920656 1.0
12850.4195657 0.0
12850.6945673 0.0
12850.7220674 1.0
12851.2995707 1.0
12851.3270709 0.0
12857.4321054 0.0
12857.4596056 1.0
12857.7896074 1.0
12857.8171076 0.0
12858.3946109 0.0
12858.422111 1.0
12858.6971126 1.0
12858.7246127 0.0
12861.2821272 0.0
12861.3096274 1.0
12861.5571288 1.0
12861.5846289 0.0
12861.7221297 0.0
12861.7496299 1.0
12862.134632 1.0
12862.1621322 0.0
12863.6746408 0.0
12863.7021409 1.0
12864.1696436 1.0
12864.1971437 0.0
12864.3346445 0.0
12864.3621446 1.0
12864.8296473 1.0
12864.8571474 0.0
12866.2321552 0.0
12866.2596554 1.0
12867.6346632 1.0
12867.6621633 0.0
12868.8996703 0.0
12868.9271705 1.0
12869.4221733 1.0
12869.4496734 0.0
12870.8246812 0.0
12870.8521814 1.0
12871.2646837 1.0
12871.2921839 0.0
12871.9521876 0.0
12871.9796878 1.0
12873.5196965 1.0
12873.5471966 0.0
12880.0922337 0.0
12880.1197338 1.0
12884.0797562 1.0
12884.1072564 0.0
12884.5197587 0.0
12884.5472589 1.0
12886.1697681 1.0
12886.1972682 0.0
12887.5447759 0.0
12887.572276 1.0
12891.5047983 1.0
12891.5322984 0.0
12892.1373019 0.0
12892.164802 1.0
12892.4123034 1.0
12892.4398036 0.0
12892.6323047 0.0
12892.6598048 1.0
12894.3373143 1.0
12894.3648145 0.0
12895.9873236 0.0
12896.0148238 1.0
12896.2623252 1.0
12896.2898254 0.0
12897.9673349 0.0
12897.994835 1.0
12898.2423364 1.0
12898.2698366 0.0
12899.7823451 0.0
12899.8098453 1.0
12901.1023526 1.0
12901.1298528 0.0
12902.0373579 0.0
12902.064858 1.0
12903.3023651 1.0
12903.3298652 0.0
12904.1548699 0.0
12904.18237 1.0
12904.4848717 1.0
12904.5123719 0.0
12905.227376 0.0
12905.2548761 1.0
12905.8598795 1.0
12905.8873797 0.0
12906.3273822 0.0
12906.3548823 1.0
12906.657384 1.0
12906.6848842 0.0
12908.5273946 0.0
12908.5548948 1.0
12908.8573965 1.0
12908.8848967 0.0
12909.5174002 0.0
12909.5449004 1.0
12910.0399032 1.0
12910.0674033 0.0
12910.177404 0.0
12910.2049041 1.0
12910.6449066 1.0
12910.6724068 0.0
12910.7549072 0.0
12910.7824074 1.0
12911.0849091 1.0
12911.1124093 0.0
12913.0374202 0.0
12913.0649203 1.0
12913.367422 1.0
12913.3949222 0.0
12915.3474332 0.0
12915.3749334 1.0
12919.5274569 1.0
12919.554957 0.0
12919.6924578 0.0
12919.719958 1.0
12921.5074681 1.0
12921.5349683 0.0
12921.6174687 0.0
12921.6449689 1.0
12922.9924765 1.0
12923.0199767 0.0
12923.074977 0.0
12923.1024771 1.0
12923.7624809 1.0
12923.789981 0.0
12924.6149857 0.0
12924.6424858 1.0
12925.0549882 1.0
12925.0824883 0.0
12925.1649888 0.0
12925.192489 1.0
12925.4674905 1.0
12925.4949907 0.0
12925.5224908 1.0
12927.8600041 1.0
12927.8875042 0.0
12929.4000128 0.0
12929.4275129 1.0
12930.500019 1.0
12930.5275192 0.0
12931.6000252 0.0
12931.6275254 1.0
12932.0400277 1.0
12932.0675279 0.0
12934.3225406 0.0
12934.3500408 1.0
12934.570042 1.0
12934.5975422 0.0
12937.0175559 0.0
12937.045056 1.0
12937.2925574 1.0
12937.3200576 0.0
12937.8700607 0.0
12937.8975609 1.0
12939.162568 1.0
12939.1900682 0.0
12939.4650697 0.0
12939.4925699 1.0
12940.2900744 1.0
12940.3175746 0.0
12940.7575771 0.0
12940.7850772 1.0
12941.8300831 1.0
12941.8575833 0.0
12942.5450872 0.0
12942.5725873 1.0
12942.875089 1.0
12942.9025892 0.0
12945.3776032 0.0
12945.4051034 1.0
12946.9726122 1.0
12947.0001124 0.0
12947.5226154 0.0
12947.5501155 1.0
12948.7601224 1.0
12948.7876225 0.0
12949.1176244 0.0
12949.1451245 1.0
12950.4101317 1.0
12950.4376319 0.0
12950.6851333 0.0
12950.7126334 1.0
12951.9226403 1.0
12951.9501404 0.0
12953.1051469 0.0
12953.1326471 1.0
12953.7651507 1.0
12953.7926508 0.0
12953.9026515 0.0
12953.9301516 1.0
12959.8701852 1.0
12959.8976854 0.0
12960.2551874 0.0
12960.2826876 1.0
12960.6126894 1.0
12960.6401896 0.0
12961.3001933 0.0
12961.3276935 1.0
12962.5927007 1.0
12962.6202008 0.0
12963.362705 0.0
12963.3902052 1.0
12965.0677147 1.0
12965.0952148 0.0
12965.6177178 0.0
12965.6452179 1.0
12967.4052279 1.0
12967.432728 0.0
12967.597729 0.0
12967.6252291 1.0
12970.5677458 1.0
12970.5952459 0.0
12971.0627486 0.0
12971.0902487 1.0
12976.0677769 1.0
12976.0952771 0.0
12976.2327779 0.0
12976.260278 1.0
12976.5352796 1.0
12976.5627797 0.0
12976.6452802 0.0
12976.6727803 1.0
12977.3877844 1.0
12977.4152845 0.0
12977.9927878 0.0
12978.020288 1.0
12980.5778025 1.0
12980.6053026 0.0
12981.7878093 0.0
12981.8153095 1.0
12983.6028196 1.0
12983.6303197 0.0
12985.1703284 0.0
12985.1978286 1.0
12985.967833 1.0
12985.9953331 0.0
12991.7703658 0.0
12991.797866 1.0
12992.5403702 1.0
12992.5678703 0.0
12993.1728737 0.0
12993.2003739 1.0
12998.6179046 1.0
12998.6454047 0.0
12999.6904106 0.0
12999.7179108 1.0
13001.2029192 1.0
13001.2304193 0.0
13002.5229267 0.0
13002.5504268 1.0
13014.595495 1.0
13014.6229952 0.0
13017.0155087 0.0
13017.0430089 1.0
13018.0330145 1.0
13018.0605146 0.0
13018.2255155 0.0
13018.2530157 1.0
13018.6380179 1.0
13018.665518 0.0
13019.2705215 0.0
13019.2980216 1.0
13019.9305252 1.0
13019.9580254 0.0
13021.7455355 0.0
13021.7730356 1.0
13024.6880521 1.0
13024.7155523 0.0
13026.2280608 0.0
13026.255561 1.0
13030.1605831 1.0
13030.1880833 0.0
13032.1955946 0.0
13032.2230948 1.0
13047.1556793 1.0
13047.1831795 0.0
13048.8606889 0.0
13048.8881891 1.0
13050.3731975 1.0
13050.4006977 0.0
13051.9682065 0.0
13051.9957067 1.0
13052.2982084 1.0
13052.3257086 0.0
13053.645716 0.0
13053.6732162 1.0
13059.6132498 1.0
13059.64075 0.0
13062.2807649 0.0
13062.3082651 1.0
13075.4258393 1.0
13075.4533395 0.0
13075.893342 0.0
13075.9208421 1.0
13113.3210538 1.0
13113.348554 0.0
13113.706056 0.0
13113.7335561 1.0
13114.3935599 1.0
13114.42106 0.0
13114.5585608 0.0
13114.586061 1.0
13115.1085639 1.0
13115.1360641 0.0
13115.1635642 1.0
13115.6035667 1.0
13115.6310669 0.0
13115.823568 0.0
13115.8510681 1.0
13116.0710694 1.0
13116.0985695 0.0
13118.9035854 0.0
13118.9310856 1.0
13499.9732423 1.0
13500.0007425 1.0
